LOCALIDADES,Chichimequillas,Jaral de Berrios,Rizos de la Joya (Rizos del Saucillo),San Nicols de los Gonzlez,Los Rodrguez,Puentecillas,Valencianita,San Juan Pan de Arriba,Loza de los Padres,Cuchicuato,San Juan de Otates,Comanjilla,El Carrizal Grande,Caada de Bustos,Bajo de Bonillas,Rancho Nuevo de la Cruz,lvaro Obregn (Santa Ana del Conde),La Sauceda (Santa Fe de Guadalupe),Colonias Nuevo Mxico,Fraccionamiento Cristeros,Laguna de Guadalupe,Paso de Cuarenta (San Miguel de Cuarenta),San Jos de Llanos,Coecillo,Aldama,Franco,Lo de Jurez,San Cristbal,San Juan de Abajo,La Calera,Matancillas (San Isidro Matancillas),Plan de Ayala (Santa Rosa),Villas de Irapuato,San Diego de Alejandra,Villa de Arriaga,La Aldea,San Bartolo de Berrios,Duarte,Ocampo,Santa Teresa,San Diego de la Unin,Unin de San Antonio,Arandas,Yerbabuena,Ojuelos de Jalisco,San Julin,Cuermaro,Ciudad Manuel Doblado,Medina,La Ermita,Romita,San Felipe,Marfil,Centro Familiar la Soledad,Pnjamo,Pursima de Bustos,Dolores Hidalgo Cuna de la Independencia Nacional,San Francisco del Rincn,Guanajuato,Silao,Lagos de Moreno,Irapuato,Len de los Aldama, 
Chichimequillas,0,99.76,61.714,26.571,21.082,34.552,42.98,137.741,29.162,62.212,24.327,10.562,49.694,31.966,17.489,69.891,31.448,43.52,16.298,88.534,132.662,118.379,32.777,9.906,32.686,12.146,38.623,65.139,38.732,34.788,135.127,47.982,54.328,80.13,175.119,18.463,87.238,17.736,100.476,35.875,132.267,117.158,46.711,30.742,126.812,100.878,68.046,80.261,42.213,59.569,23.862,64.734,29.558,55.611,101.531,64.85,89.78,61.82,35.439,11.414,87.945,50.372,39.766, 
Jaral de Berrios,99.76,0,156.433,116.061,112.075,125.545,133.974,122.663,112.06,153.205,113.817,102.729,140.688,122.96,112.512,160.884,126.167,134.513,111.017,155.425,77.948,118.699,123.771,107.285,123.679,107.169,129.617,156.132,133.451,125.781,93.612,142.701,145.322,174.849,67.204,111.851,14.258,107.226,72.827,115.441,116.517,171.329,137.705,121.735,86.545,195.597,161.434,173.649,136.932,154.288,117.25,38.036,120.551,150.33,192.525,159.569,85.228,156.539,119.82,103.708,142.937,141.366,134.485, 
Rizos de la Joya (Rizos del Saucillo),61.714,156.433,0,21.903,58.708,72.178,80.606,175.367,34.804,99.838,24.097,46.024,87.32,69.592,48.134,107.517,41.742,81.146,43.551,43.892,131.414,63.583,70.403,50.486,70.312,49.809,76.249,102.765,21.506,72.414,114.581,16.325,91.954,40.895,120.323,56.153,136.835,27.971,84.572,73.501,169.893,37.065,84.337,68.368,106.266,61.643,70.929,59.155,20.708,4.132,61.552,114.331,67.184,2.138,139.157,25.615,127.406,22.585,73.065,49.104,38.716,87.998,12.163, 
San Nicols de los Gonzlez,26.571,116.061,21.903,0,41.602,55.072,63.5,158.261,9.403,82.731,5.044,16.218,70.214,52.486,31.028,90.41,24.635,64.04,26.445,73.239,115.387,75.256,53.297,33.38,53.205,32.703,59.143,85.658,11.445,55.308,117.853,19.224,74.848,52.481,131.996,39.047,101.236,8.918,80.336,56.395,152.787,101.863,67.231,51.262,109.538,73.229,70.806,68.119,7.5,23.806,44.446,78.732,50.078,27.061,122.051,37.201,110.3,34.171,55.959,31.998,50.388,70.892,12.038, 
Los Rodrguez,21.082,112.075,58.708,41.602,0,19.029,27.106,122.218,31.572,46.337,38.731,26.908,33.82,16.204,20.203,54.016,33.858,27.997,18.708,90.944,143.199,120.789,16.903,14.976,16.811,14.86,22.749,49.264,41.142,18.913,145.664,50.392,38.454,82.54,177.529,18.102,97.775,36.036,111.013,8.745,116.744,119.568,30.837,15.219,137.349,103.288,77.665,79.9,44.623,61.979,23.501,75.271,14.035,58.021,85.657,67.26,74.257,64.23,19.916,10.746,90.355,34.498,42.176, 
Puentecillas,34.552,125.545,72.178,55.072,19.029,0,34.241,115.479,44.129,53.472,51.288,39.465,40.955,6.223,32.761,61.151,46.415,13.436,31.266,103.501,155.756,133.346,13.536,27.534,23.946,27.418,29.884,56.399,53.699,26.048,158.221,62.949,45.589,95.097,190.086,30.476,110.332,48.593,123.57,8.563,110.005,132.125,37.972,3.699,149.906,115.845,84.8,92.274,57.181,74.536,35.875,87.828,7.296,70.578,92.792,79.817,67.518,76.787,13.177,23.12,102.912,41.633,54.733, 
Valencianita,42.98,133.974,80.606,63.5,27.106,34.241,0,144.834,53.131,30.141,60.29,48.467,5.626,22.024,41.762,37.82,55.417,33.044,40.267,112.503,164.758,142.348,15.364,36.535,10.919,36.419,8.924,33.068,62.701,13.696,167.223,71.951,22.445,104.099,199.088,39.661,119.334,57.595,132.572,30.858,139.36,141.127,14.828,37.466,158.908,124.847,63.3,105.072,66.182,83.538,38.799,96.83,37.957,79.58,71.292,88.819,96.873,85.789,41.474,32.305,111.914,13.095,63.735, 
San Juan Pan de Arriba,137.741,122.663,175.367,158.261,122.218,115.479,144.834,0,145.682,162.006,152.841,141.018,149.489,120.485,134.314,169.685,147.968,123.294,132.819,205.054,179.582,228.441,126.765,129.087,132.48,128.971,138.418,164.933,155.252,134.582,196.779,164.502,154.123,196.65,167.465,132.029,118.073,150.146,133.309,113.014,6.277,233.678,146.506,110.516,189.712,217.398,220.249,193.827,158.734,176.089,137.428,97.567,108.547,172.131,228.241,181.37,45.336,178.34,103.015,124.673,204.465,177.145,156.286, 
Loza de los Padres,29.162,112.06,34.804,9.403,31.572,44.129,53.131,145.682,0,72.175,7.159,12.217,59.657,41.93,20.471,79.854,14.075,53.483,15.889,66.126,125.88,95.971,42.741,22.823,42.649,22.146,48.587,75.102,16.324,44.751,146.969,25.574,64.292,57.722,152.711,28.49,97.235,4.917,90.829,45.838,142.23,94.75,56.675,40.705,138.654,78.47,72.22,75.982,19.805,37.161,33.889,74.731,39.521,33.203,111.495,42.442,99.743,39.412,45.402,21.441,65.537,60.336,17.358, 
Cuchicuato,62.212,153.205,99.838,82.731,46.337,53.472,30.141,162.006,72.175,0,79.134,67.311,31.382,40.868,46.689,7.714,74.261,51.888,59.111,131.347,183.602,161.192,34.208,55.379,29.763,55.263,28.469,2.962,81.545,32.54,186.067,90.795,10.731,93.105,217.932,40.533,138.178,76.439,151.416,49.702,158.204,159.971,18.19,56.31,177.752,113.443,30.037,60.058,85.026,102.382,42.462,115.674,56.801,98.424,51.263,107.663,115.717,104.633,60.318,51.149,130.758,15.023,82.579, 
San Juan de Otates,24.327,113.817,24.097,5.044,38.731,51.288,60.29,152.841,7.159,79.134,0,13.974,66.815,49.088,27.629,87.012,21.233,60.641,23.047,71.673,119.235,79.104,49.899,29.981,49.807,29.304,55.745,82.26,13.631,51.909,121.701,21.41,71.45,54.667,135.844,35.648,98.992,6.674,84.184,52.996,149.388,100.297,63.833,47.863,113.386,75.415,77.767,70.305,13.16,21.633,41.047,76.488,46.679,24.888,118.653,39.387,106.901,36.357,52.56,28.599,71.084,67.494,14.224, 
Comanjilla,10.562,102.729,46.024,16.218,26.908,39.465,48.467,141.018,12.217,67.311,13.974,0,53.844,36.116,25.017,74.041,25.539,47.67,15.627,77.587,133.328,107.432,36.927,10.974,36.836,16.296,42.773,69.289,27.785,38.938,135.793,37.035,58.478,69.183,164.172,22.613,87.904,7.385,95.36,40.025,136.417,106.211,50.861,34.892,127.478,89.931,72.196,87.443,24.336,48.622,28.012,65.4,33.708,44.664,105.681,53.903,93.93,50.873,39.589,15.564,76.998,54.522,28.819, 
El Carrizal Grande,49.694,140.688,87.32,70.214,33.82,40.955,5.626,149.489,59.657,31.382,66.815,53.844,0,27.261,46.999,29.192,60.653,38.28,45.504,117.739,169.994,147.584,20.601,41.772,16.156,41.656,14.862,24.44,67.937,18.933,172.459,77.187,17.392,109.335,204.324,44.898,124.57,62.831,137.808,36.095,144.597,146.363,16.178,42.703,164.144,130.083,59.026,100.798,71.419,88.774,40.149,102.066,43.194,84.816,67.018,94.055,102.11,91.025,46.711,37.542,117.15,8.821,68.971, 
Caada de Bustos,31.966,122.96,69.592,52.486,16.204,6.223,22.024,120.485,41.93,40.868,49.088,36.116,27.261,0,30.143,50.553,43.798,18.46,28.648,100.884,153.139,130.729,6.788,24.916,13.348,24.8,19.286,45.801,51.082,15.45,155.604,60.332,34.991,92.48,187.469,28.042,107.715,45.976,120.953,8.414,116.915,129.508,27.374,9.711,147.289,113.228,74.202,89.84,54.563,71.919,33.441,85.211,15.512,67.961,82.194,77.2,74.428,74.17,19.029,20.686,100.295,31.035,52.116, 
Bajo de Bonillas,17.489,112.512,48.134,31.028,20.203,32.761,41.762,134.314,20.471,46.689,27.629,25.017,46.999,30.143,0,70.026,9.636,43.655,15.15,87.386,144.768,117.231,32.912,10.901,32.821,5.787,38.758,65.274,24.952,34.923,147.233,33.329,54.463,78.982,173.971,7.742,99.344,32.477,112.088,36.01,132.402,116.01,31.616,30.877,138.918,99.73,54.447,66.662,41.065,58.421,11.459,76.84,29.693,54.463,101.666,63.702,89.915,60.672,35.574,8.236,86.797,50.507,38.618, 
Rancho Nuevo de la Cruz,69.891,160.884,107.517,90.41,54.016,61.151,37.82,169.685,79.854,7.714,87.012,74.041,29.192,50.553,70.026,0,79.222,56.849,64.072,136.308,188.563,166.153,39.169,60.34,34.724,60.224,33.43,5.464,86.506,37.501,191.028,69.065,17.586,86.666,222.893,45.494,143.139,81.4,156.377,54.663,163.165,101.695,23.151,61.271,182.713,107.004,23.598,53.619,89.987,107.343,47.423,120.635,61.762,103.385,56.224,74.517,120.678,70.907,65.279,56.11,135.719,21.878,87.54, 
lvaro Obregn (Santa Ana del Conde),31.448,126.167,41.742,24.635,33.858,46.415,55.417,147.968,14.075,74.261,21.233,25.539,60.653,43.798,9.636,79.222,0,51.987,22.791,73.43,133.184,103.275,41.245,21.328,41.153,15.43,47.091,73.606,15.986,43.256,154.273,24.363,62.796,54.48,160.015,15.436,107.677,18.972,98.133,44.342,140.734,102.054,55.179,39.209,145.958,75.228,51.86,64.075,27.109,37.851,16.389,85.173,38.025,40.507,109.999,49.746,98.247,46.716,43.906,19.946,72.841,58.84,24.662, 
La Sauceda (Santa Fe de Guadalupe),43.52,134.513,81.146,64.04,27.997,13.436,33.044,123.294,53.483,51.888,60.641,47.67,38.28,18.46,43.655,56.849,51.987,0,40.539,112.774,165.029,142.619,30.825,36.807,49.597,36.691,55.535,82.05,62.972,51.7,167.494,72.222,71.24,104.37,199.359,39.749,119.605,57.866,132.843,22.886,101.483,141.398,63.623,13.801,159.179,125.118,89.332,101.547,66.454,83.809,45.148,97.101,16.569,79.851,118.443,89.09,63.582,86.06,22.45,32.393,112.185,67.284,64.006, 
Colonias Nuevo Mxico,16.298,111.017,43.551,26.445,18.708,31.266,40.267,132.819,15.889,59.111,23.047,15.627,45.504,28.648,15.15,64.072,22.791,40.539,0,74.331,134.084,104.176,38.484,18.567,38.392,17.89,44.33,70.845,24.528,40.494,155.174,33.779,60.035,65.927,160.916,24.234,104.916,19.422,99.033,41.581,137.973,102.955,52.418,36.448,146.859,86.675,69.749,84.187,28.01,45.366,29.633,82.412,35.264,41.408,107.238,50.647,95.486,47.617,41.145,17.185,73.742,56.079,25.563, 
Fraccionamiento Cristeros,88.534,155.425,43.892,73.239,90.944,103.501,112.503,205.054,66.126,131.347,71.673,77.587,117.739,100.884,87.386,136.308,73.43,112.774,74.331,0,104.661,36.831,102.585,82.668,102.494,81.991,108.431,134.947,55.191,104.596,87.828,53.664,124.136,44.781,93.57,88.335,140.885,71.903,80.655,105.683,202.075,30.14,116.519,100.55,79.513,62.269,103.746,79.066,50.397,39.134,93.734,115.094,99.366,42.389,171.339,58.724,159.588,55.694,105.247,81.286,9.028,120.18,54.862, 
Laguna de Guadalupe,132.662,77.948,131.414,115.387,143.199,155.756,164.758,179.582,125.88,183.602,119.235,133.328,169.994,153.139,144.768,188.563,133.184,165.029,134.084,104.661,0,80.038,156.858,140.372,156.766,140.256,162.704,189.219,125.412,158.868,41.714,146.25,178.409,147.309,12.522,144.938,96.563,127.423,36.333,148.528,172.998,132.668,170.792,154.822,34.647,164.798,206.275,181.594,113.869,134.091,150.337,70.772,153.638,137.346,225.612,161.253,122.624,158.223,135.494,136.795,104.276,174.453,113.59, 
Paso de Cuarenta (San Miguel de Cuarenta),118.379,118.699,63.583,75.256,120.789,133.346,142.348,228.441,95.971,161.192,79.104,107.432,147.584,130.729,117.231,166.153,103.275,142.619,104.176,36.831,80.038,0,126.5,106.583,126.409,105.906,132.346,158.862,79.106,128.511,57.953,67.636,148.051,68.695,61.984,112.25,111.01,80.293,50.78,129.598,222.054,54.054,140.434,124.465,49.638,86.184,127.661,102.98,66.739,55.477,117.649,85.219,123.281,58.732,195.254,82.639,137.071,79.609,129.162,105.201,25.662,144.095,63.029, 
San Jos de Llanos,32.777,123.771,70.403,53.297,16.903,13.536,15.364,126.765,42.741,34.208,49.899,36.927,20.601,6.788,32.912,39.169,41.245,30.825,38.484,102.585,156.858,126.5,0,22.886,7.114,22.77,13.052,39.567,49.052,9.216,153.574,58.302,28.757,90.45,185.439,26.012,105.685,43.946,118.923,17.209,125.711,127.478,21.14,16.545,145.259,111.198,67.968,87.81,52.533,69.889,31.411,83.181,24.308,65.931,75.96,75.17,83.224,72.14,27.825,18.656,98.265,24.801,50.086, 
Coecillo,9.906,107.285,50.486,33.38,14.976,27.534,36.535,129.087,22.823,55.379,29.981,10.974,41.772,24.916,10.901,60.34,21.328,36.807,18.567,82.668,140.372,106.583,22.886,0,26.137,5.597,32.074,58.59,28.676,28.239,159.321,37.926,47.779,70.074,165.063,11.914,92.66,23.57,103.181,29.326,125.718,107.102,40.162,24.193,132.234,90.822,61.497,73.712,32.157,49.513,17.313,70.156,23.009,45.555,94.982,54.794,83.231,51.764,28.89,4.865,77.889,43.823,29.71, 
Aldama,32.686,123.679,70.312,53.205,16.811,23.946,10.919,132.48,42.649,29.763,49.807,36.836,16.156,13.348,32.821,34.724,41.153,49.597,38.392,102.494,156.766,126.409,7.114,26.137,0,25.663,6.767,33.283,51.945,2.932,156.467,61.195,22.472,93.343,188.332,28.905,108.578,46.839,121.816,20.103,128.605,130.371,14.855,26.711,148.152,114.091,61.683,90.703,55.427,72.782,34.304,86.074,27.202,68.824,69.675,78.063,86.118,75.033,30.719,21.549,101.158,18.516,52.979, 
Franco,12.146,107.169,49.809,32.703,14.86,27.418,36.419,128.971,22.146,55.263,29.304,16.296,41.656,24.8,5.787,60.224,15.43,36.691,17.89,81.991,140.256,105.906,22.77,5.597,25.663,0,31.384,57.9,32.028,27.549,139.859,41.278,47.089,73.426,168.415,8.291,91.97,26.922,106.532,28.636,125.028,110.454,39.472,23.503,131.544,94.174,57.873,70.088,35.509,52.865,13.689,69.466,22.319,48.907,94.292,58.146,82.541,55.116,28.2,2.893,81.241,43.133,33.062, 
Lo de Jurez,38.623,129.617,76.249,59.143,22.749,29.884,8.924,138.418,48.587,28.469,55.745,42.773,14.862,19.286,38.758,33.43,47.091,55.535,44.33,108.431,162.704,132.346,13.052,32.074,6.767,31.384,0,27.347,62.297,13.292,166.819,71.547,16.537,103.695,198.684,25.541,118.93,57.191,132.168,30.454,138.956,140.723,8.92,37.062,158.504,124.443,55.748,84.443,65.778,83.134,26.443,96.426,37.553,79.176,63.74,88.415,96.469,85.385,41.07,31.901,111.51,12.581,63.331, 
San Cristbal,65.139,156.132,102.765,85.658,49.264,56.399,33.068,164.933,75.102,2.962,82.26,69.289,24.44,45.801,65.274,5.464,73.606,82.05,70.845,134.947,189.219,158.862,39.567,58.59,33.283,57.9,27.347,0,81.812,32.807,186.334,91.062,12.893,90.912,218.199,40.8,138.445,76.706,151.683,49.969,158.471,160.238,18.457,56.577,178.019,111.25,27.844,57.865,85.293,102.649,42.729,115.941,57.068,98.691,51.53,107.93,115.984,104.9,60.585,51.416,131.025,17.184,82.846, 
San Juan de Abajo,38.732,133.451,21.506,11.445,41.142,53.699,62.701,155.252,16.324,81.545,13.631,27.785,67.937,51.082,24.952,86.506,15.986,62.972,24.528,55.191,125.412,79.106,49.052,28.676,51.945,32.028,62.297,81.812,0,52.959,123.801,12.338,72.499,47.704,141.981,36.698,117.38,17.389,86.284,54.046,150.438,84.02,64.882,48.913,115.486,68.452,60.166,61.233,15.261,19.021,42.097,94.876,47.729,19.618,119.702,31.712,107.951,28.682,53.61,29.649,54.807,68.543,12.813, 
La Calera,34.788,125.781,72.414,55.308,18.913,26.048,13.696,134.582,44.751,32.54,51.909,38.938,18.933,15.45,34.923,37.501,43.256,51.7,40.494,104.596,158.868,128.511,9.216,28.239,2.932,27.549,13.292,32.807,52.959,0,159.604,64.332,20.956,96.48,191.469,32.042,111.715,49.976,124.953,23.24,131.742,133.508,13.339,29.848,151.289,117.228,60.167,88.863,58.564,75.919,37.497,89.211,30.339,71.961,68.159,81.2,89.255,78.17,33.856,24.686,104.295,17,56.116, 
Matancillas (San Isidro Matancillas),135.127,93.612,114.581,117.853,145.664,158.221,167.223,196.779,146.969,186.067,121.701,135.793,172.459,155.604,147.233,191.028,154.273,167.494,155.174,87.828,41.714,57.953,153.574,159.321,156.467,139.859,166.819,186.334,123.801,159.604,0,122.474,178.617,123.533,31.388,145.146,96.771,135.131,36.541,148.736,191.458,108.892,171,155.03,8.765,141.022,182.499,157.818,121.577,110.315,150.545,70.98,153.846,113.57,225.82,137.477,122.832,134.447,135.702,137.003,80.5,174.661,117.867, 
Plan de Ayala (Santa Rosa),47.982,142.701,16.325,19.224,50.392,62.949,71.951,164.502,25.574,90.795,21.41,37.035,77.187,60.332,33.329,69.065,24.363,72.222,33.779,53.664,146.25,67.636,58.302,37.926,61.195,41.278,71.547,91.062,12.338,64.332,122.474,0,82.127,35.41,127.818,46.326,127.008,26.21,83.216,63.674,160.066,50.849,74.51,58.541,113.761,56.158,56.169,48.938,20.568,14.593,51.725,104.504,57.357,15.19,90.529,21.115,117.579,18.085,63.238,39.277,51.868,78.171,9.871, 
Villas de Irapuato,54.328,145.322,91.954,74.848,38.454,45.589,22.445,154.123,64.292,10.731,71.45,58.478,17.392,34.991,54.463,17.586,62.796,71.24,60.035,124.136,178.409,148.051,28.757,47.779,22.472,47.089,16.537,12.893,72.499,20.956,178.617,82.127,0,115.031,210.02,36.427,130.266,68.527,143.504,41.79,150.292,152.059,10.92,48.398,169.84,135.779,39.659,69.68,77.114,94.47,32.128,107.762,48.889,90.512,56.786,99.751,107.805,96.721,52.406,43.237,122.846,9.877,74.667, 
San Diego de Alejandra,80.13,174.849,40.895,52.481,82.54,95.097,104.099,196.65,57.722,93.105,54.667,69.183,109.335,92.48,78.982,86.666,54.48,104.37,65.927,44.781,147.309,68.695,90.45,70.074,93.343,73.426,103.695,90.912,47.704,96.48,123.533,35.41,115.031,0,131.328,77.194,157.876,60.762,118.413,94.542,190.934,15.951,105.378,89.409,117.271,21.26,76.674,34.637,53.209,44.872,66.946,135.372,88.225,40.822,112.194,16.287,148.447,20.178,94.106,70.145,44.154,109.039,43.174, 
Villa de Arriaga,175.119,67.204,120.323,131.996,177.529,190.086,199.088,167.465,152.711,217.932,135.844,164.172,204.324,187.469,173.971,222.893,160.015,199.359,160.916,93.57,12.522,61.984,185.439,165.063,188.332,168.415,198.684,218.199,141.981,191.469,31.388,127.818,210.02,131.328,0,180.405,76.193,148.448,53.588,197.753,160.882,122.209,208.589,192.62,23.059,154.339,195.816,171.135,134.894,123.632,185.804,88.027,191.436,126.887,263.409,150.794,139.879,147.764,152.749,173.356,93.817,212.25,131.184, 
La Aldea,18.463,111.851,56.153,39.047,18.102,30.476,39.661,132.029,28.49,40.533,35.648,22.613,44.898,28.042,7.742,45.494,15.436,39.749,24.234,88.335,144.938,112.25,26.012,11.914,28.905,8.291,25.541,40.8,36.698,32.042,145.146,46.326,36.427,77.194,180.405,0,97.366,33.287,110.604,31.69,128.082,116.819,25.487,26.557,136.94,100.539,50.136,62.351,41.874,59.23,5.952,74.862,25.373,55.272,87.331,64.511,85.595,61.481,31.254,8.129,87.606,33.84,39.427, 
San Bartolo de Berrios,87.238,14.258,136.835,101.236,97.775,110.332,119.334,118.073,97.235,138.178,98.992,87.904,124.57,107.715,99.344,143.139,107.677,119.605,104.916,140.885,96.563,111.01,105.685,92.66,108.578,91.97,118.93,138.445,117.38,111.715,96.771,127.008,130.266,157.876,76.193,97.366,0,94.714,60.316,102.929,125.507,158.818,125.193,109.223,86.652,183.085,148.922,161.137,124.42,141.776,104.738,25.525,108.039,137.818,180.013,147.057,72.716,144.027,107.308,91.196,130.426,128.854,121.973, 
Duarte,17.736,107.226,27.971,8.918,36.036,48.593,57.595,150.146,4.917,76.439,6.674,7.385,62.831,45.976,32.477,81.4,18.972,57.866,19.422,71.903,127.423,80.293,43.946,23.57,46.839,26.922,57.191,76.706,17.389,49.976,135.131,26.21,68.527,60.762,148.448,33.287,94.714,0,88.059,50.709,147.101,99.666,61.545,45.576,117.261,83.386,77.136,80.898,17.035,25.508,38.76,69.898,44.392,28.763,116.365,47.358,104.614,44.328,50.273,26.312,70.453,65.206,18.099, 
Ocampo,100.476,72.827,84.572,80.336,111.013,123.57,132.572,133.309,90.829,151.416,84.184,95.36,137.808,120.953,112.088,156.377,98.133,132.843,99.033,80.655,36.333,50.78,118.923,103.181,121.816,106.532,132.168,151.683,86.284,124.953,36.541,83.216,143.504,118.413,53.588,110.604,60.316,88.059,0,113.111,128.339,100.797,135.375,119.405,28.631,132.927,135.446,131.205,76.339,79.099,114.92,35.356,118.221,82.354,190.195,100.994,87.207,97.964,100.077,101.378,72.405,139.036,76.06, 
Santa Teresa,35.875,115.441,73.501,56.395,8.745,8.563,30.858,113.014,45.838,49.702,52.996,40.025,36.095,8.414,36.01,54.663,44.342,22.886,41.581,105.683,148.528,129.598,17.209,29.326,20.103,28.636,30.454,49.969,54.046,23.24,148.736,63.674,41.79,94.542,197.753,31.69,102.929,50.709,113.111,0,109.548,130.261,33.492,10.114,148.042,113.981,80.32,90.593,55.316,72.672,34.194,85.964,8.145,68.714,88.312,77.953,67.061,74.923,11.662,21.439,101.048,37.153,52.869, 
San Diego de la Unin,132.267,116.517,169.893,152.787,116.744,110.005,139.36,6.277,142.23,158.204,149.388,136.417,144.597,116.915,132.402,163.165,140.734,101.483,137.973,202.075,172.998,222.054,125.711,125.718,128.605,125.028,138.956,158.471,150.438,131.742,191.458,160.066,150.292,190.934,160.882,128.082,125.507,147.101,128.339,109.548,0,228.438,141.266,105.276,183.719,212.158,215.009,188.587,153.494,170.849,132.188,92.327,103.307,166.891,223.001,176.13,40.096,173.1,97.775,119.433,199.225,171.905,151.046, 
Unin de San Antonio,117.158,171.329,37.065,101.863,119.568,132.125,141.127,233.678,94.75,159.971,100.297,106.211,146.363,129.508,116.01,101.695,102.054,141.398,102.955,30.14,132.668,54.054,127.478,107.102,130.371,110.454,140.723,160.238,84.02,133.508,108.892,50.849,152.059,15.951,122.209,116.819,158.818,99.666,100.797,130.261,228.438,0,119.193,103.224,102.989,33.305,106.42,50.255,79.633,59.234,96.408,149.187,102.04,37.643,174.013,27.158,162.262,31.349,107.921,83.96,29.871,122.854,57.536, 
Arandas,46.711,137.705,84.337,67.231,30.837,37.972,14.828,146.506,56.675,18.19,63.833,50.861,16.178,27.374,31.616,23.151,55.179,63.623,52.418,116.519,170.792,140.434,21.14,40.162,14.855,39.472,8.92,18.457,64.882,13.339,171,74.51,10.92,105.378,208.589,25.487,125.193,61.545,135.375,33.492,141.266,119.193,0,41.058,162.499,128.439,50.039,75.272,69.774,87.13,27.436,100.421,41.549,83.172,58.031,92.411,100.465,89.381,45.066,35.897,115.506,9.993,67.327, 
Yerbabuena,30.742,121.735,68.368,51.262,15.219,3.699,37.466,110.516,40.705,56.31,47.863,34.892,42.703,9.711,30.877,61.271,39.209,13.801,36.448,100.55,154.822,124.465,16.545,24.193,26.711,23.503,37.062,56.577,48.913,29.848,155.03,58.541,48.398,89.409,192.62,26.557,109.223,45.576,119.405,10.114,105.276,103.224,41.058,0,146.207,112.146,76.36,88.575,53.482,70.837,32.176,84.129,3.597,66.879,96.28,76.118,63.819,73.088,9.478,19.421,99.213,45.121,51.034, 
Ojuelos de Jalisco,126.812,86.545,106.266,109.538,137.349,149.906,158.908,189.712,138.654,177.752,113.386,127.478,164.144,147.289,138.918,182.713,145.958,159.179,146.859,79.513,34.647,49.638,145.259,132.234,148.152,131.544,158.504,178.019,115.486,151.289,8.765,113.761,169.84,117.271,23.059,136.94,86.652,117.261,28.631,148.042,183.719,102.989,162.499,146.207,0,132.42,173.897,149.216,112.976,101.714,141.944,62.379,145.245,104.969,217.219,128.875,114.231,125.845,127.101,128.402,71.898,166.06,109.266, 
San Julin,100.878,195.597,61.643,73.229,103.288,115.845,124.847,217.398,78.47,113.443,75.415,89.931,130.083,113.228,99.73,107.004,75.228,125.118,86.675,62.269,164.798,86.184,111.198,90.822,114.091,94.174,124.443,111.25,68.452,117.228,141.022,56.158,135.779,21.26,154.339,100.539,183.085,83.386,132.927,113.981,212.158,33.305,128.439,112.146,132.42,0,97.572,55.535,73.947,65.61,87.684,156.11,108.963,61.56,133.092,37.025,169.185,40.916,114.844,90.883,61.674,129.777,63.912, 
Cuermaro,68.046,161.434,70.929,70.806,77.665,84.8,63.3,220.249,72.22,30.037,77.767,72.196,59.026,74.202,54.447,23.598,51.86,89.332,69.749,103.746,206.275,127.661,67.968,61.497,61.683,57.873,55.748,27.844,60.166,60.167,182.499,56.169,39.659,76.674,195.816,50.136,148.922,77.136,135.446,80.32,215.009,106.42,50.039,76.36,173.897,97.572,0,42.868,72.011,70.337,44.701,124.976,75.487,70.934,34.997,62.301,135.709,58.691,81.368,58.243,103.971,46.56,62.08, 
Ciudad Manuel Doblado,80.261,173.649,59.155,68.119,79.9,92.274,105.072,193.827,75.982,60.058,70.305,87.443,100.798,89.84,66.662,53.619,64.075,101.547,84.187,79.066,181.594,102.98,87.81,73.712,90.703,70.088,84.443,57.865,61.233,88.863,157.818,48.938,69.68,34.637,171.135,62.351,161.137,80.898,131.205,90.593,188.587,50.255,75.272,88.575,149.216,55.535,42.868,0,69.684,62.559,56.659,136.934,87.445,58.509,77.902,42.761,147.667,37.805,93.326,70.201,78.474,88.305,58.987, 
Medina,42.213,136.932,20.708,7.5,44.623,57.181,66.182,158.734,19.805,85.026,13.16,24.336,71.419,54.563,41.065,89.987,27.109,66.454,28.01,50.397,113.869,66.739,52.533,32.157,55.427,35.509,65.778,85.293,15.261,58.564,121.577,20.568,77.114,53.209,134.894,41.874,124.42,17.035,76.339,55.316,153.494,79.633,69.774,53.482,112.976,73.947,72.011,69.684,0,18.405,47.009,99.788,52.641,21.66,124.614,34.419,112.863,31.389,58.522,34.561,44.987,73.455,8.309, 
La Ermita,59.569,154.288,4.132,23.806,61.979,74.536,83.538,176.089,37.161,102.382,21.633,48.622,88.774,71.919,58.421,107.343,37.851,83.809,45.366,39.134,134.091,55.477,69.889,49.513,72.782,52.865,83.134,102.649,19.021,75.919,110.315,14.593,94.47,44.872,123.632,59.23,141.776,25.508,79.099,72.672,170.849,59.234,87.13,70.837,101.714,65.61,70.337,62.559,18.405,0,53.624,106.403,59.256,2.862,131.229,29.442,119.478,26.412,65.137,41.176,33.958,80.07,10.337, 
Romita,23.862,117.25,61.552,44.446,23.501,35.875,38.799,137.428,33.889,42.462,41.047,28.012,40.149,33.441,11.459,47.423,16.389,45.148,29.633,93.734,150.337,117.649,31.411,17.313,34.304,13.689,26.443,42.729,42.097,37.497,150.545,51.725,32.128,66.946,185.804,5.952,104.738,38.76,114.92,34.194,132.188,96.408,27.436,32.176,141.944,87.684,44.701,56.659,47.009,53.624,0,80.275,30.786,60.685,89.262,69.924,91.008,66.894,36.667,13.542,93.019,37.411,44.84, 
San Felipe,64.734,38.036,114.331,78.732,75.271,87.828,96.83,97.567,74.731,115.674,76.488,65.4,102.066,85.211,76.84,120.635,85.173,97.101,82.412,115.094,70.772,85.219,83.181,70.156,86.074,69.466,96.426,115.941,94.876,89.211,70.98,104.504,107.762,135.372,88.027,74.862,25.525,69.898,35.356,85.964,92.327,149.187,100.421,84.129,62.379,156.11,124.976,136.934,99.788,106.403,80.275,0,83.167,112.946,155.141,122.185,52.153,119.155,65.023,66.324,106.153,103.982,97.101, 
Marfil,29.558,120.551,67.184,50.078,14.035,7.296,37.957,108.547,39.521,56.801,46.679,33.708,43.194,15.512,29.693,61.762,38.025,16.569,35.264,99.366,153.638,123.281,24.308,23.009,27.202,22.319,37.553,57.068,47.729,30.339,153.846,57.357,48.889,88.225,191.436,25.373,108.039,44.392,118.221,8.145,103.307,102.04,41.549,3.597,145.245,108.963,75.487,87.445,52.641,59.256,30.786,83.167,0,64.499,103.091,73.738,62.651,70.708,8.31,17.041,96.833,51.932,48.654, 
Centro Familiar la Soledad,55.611,150.33,2.138,27.061,58.021,70.578,79.58,172.131,33.203,98.424,24.888,44.664,84.816,67.961,54.463,103.385,40.507,79.851,41.408,42.389,137.346,58.732,65.931,45.555,68.824,48.907,79.176,98.691,19.618,71.961,113.57,15.19,90.512,40.822,126.887,55.272,137.818,28.763,82.354,68.714,166.891,37.643,83.172,66.879,104.969,61.56,70.934,58.509,21.66,2.862,60.685,112.946,64.499,0,137.071,23.529,125.32,20.499,70.979,47.018,37.183,85.912,10.63, 
Pnjamo,101.531,192.525,139.157,122.051,85.657,92.792,71.292,228.241,111.495,51.263,118.653,105.681,67.018,82.194,101.666,56.224,109.999,118.443,107.238,171.339,225.612,195.254,75.96,94.982,69.675,94.292,63.74,51.53,119.702,68.159,225.82,90.529,56.786,112.194,263.409,87.331,180.013,116.365,190.195,88.312,223.001,174.013,58.031,96.28,217.219,133.092,34.997,77.902,124.614,131.229,89.262,155.141,103.091,137.071,0,97.61,164.584,94,109.185,100.016,179.625,55.613,131.446, 
Pursima de Bustos,64.85,159.569,25.615,37.201,67.26,79.817,88.819,181.37,42.442,107.663,39.387,53.903,94.055,77.2,63.702,74.517,49.746,89.09,50.647,58.724,161.253,82.639,75.17,54.794,78.063,58.146,88.415,107.93,31.712,81.2,137.477,21.115,99.751,16.287,150.794,64.511,147.057,47.358,100.994,77.953,176.13,27.158,92.411,76.118,128.875,37.025,62.301,42.761,34.419,29.442,69.924,122.185,73.738,23.529,97.61,0,133.047,4.777,78.706,54.745,58.115,93.639,27.774, 
Dolores Hidalgo Cuna de la Independencia Nacional,89.78,85.228,127.406,110.3,74.257,67.518,96.873,45.336,99.743,115.717,106.901,93.93,102.11,74.428,89.915,120.678,98.247,63.582,95.486,159.588,122.624,137.071,83.224,83.231,86.118,82.541,96.469,115.984,107.951,89.255,122.832,117.579,107.805,148.447,139.879,85.595,72.716,104.614,87.207,67.061,40.096,162.262,100.465,63.819,114.231,169.185,135.709,147.667,112.863,119.478,91.008,52.153,62.651,125.32,164.584,133.047,0,131.361,56.036,77.694,157.486,103.188,109.307, 
San Francisco del Rincn,61.82,156.539,22.585,34.171,64.23,76.787,85.789,178.34,39.412,104.633,36.357,50.873,91.025,74.17,60.672,70.907,46.716,86.06,47.617,55.694,158.223,79.609,72.14,51.764,75.033,55.116,85.385,104.9,28.682,78.17,134.447,18.085,96.721,20.178,147.764,61.481,144.027,44.328,97.964,74.923,173.1,31.349,89.381,73.088,125.845,40.916,58.691,37.805,31.389,26.412,66.894,119.155,70.708,20.499,94,4.777,131.361,0,75.848,51.887,55.257,90.781,24.916, 
Guanajuato,35.439,119.82,73.065,55.959,19.916,13.177,41.474,103.015,45.402,60.318,52.56,39.589,46.711,19.029,35.574,65.279,43.906,22.45,41.145,105.247,135.494,129.162,27.825,28.89,30.719,28.2,41.07,60.585,53.61,33.856,135.702,63.238,52.406,94.106,152.749,31.254,107.308,50.273,100.077,11.662,97.775,107.921,45.066,9.478,127.101,114.844,81.368,93.326,58.522,65.137,36.667,65.023,8.31,70.979,109.185,78.706,56.036,75.848,0,23.35,103.142,48.845,54.963, 
Silao,11.414,103.708,49.104,31.998,10.746,23.12,32.305,124.673,21.441,51.149,28.599,15.564,37.542,20.686,8.236,56.11,19.946,32.393,17.185,81.286,136.795,105.201,18.656,4.865,21.549,2.893,31.901,51.416,29.649,24.686,137.003,39.277,43.237,70.145,173.356,8.129,91.196,26.312,101.378,21.439,119.433,83.96,35.897,19.421,128.402,90.883,58.243,70.201,34.561,41.176,13.542,66.324,17.041,47.018,100.016,54.745,77.694,51.887,23.35,0,80.794,39.445,32.615, 
Lagos de Moreno,87.945,142.937,38.716,50.388,90.355,102.912,111.914,204.465,65.537,130.758,71.084,76.998,117.15,100.295,86.797,135.719,72.841,112.185,73.742,9.028,104.276,25.662,98.265,77.889,101.158,81.241,111.51,131.025,54.807,104.295,80.5,51.868,122.846,44.154,93.817,87.606,130.426,70.453,72.405,101.048,199.225,29.871,115.506,99.213,71.898,61.674,103.971,78.474,44.987,33.958,93.019,106.153,96.833,37.183,179.625,58.115,157.486,55.257,103.142,80.794,0,119.591,41.282, 
Irapuato,50.372,141.366,87.998,70.892,34.498,41.633,13.095,177.145,60.336,15.023,67.494,54.522,8.821,31.035,50.507,21.878,58.84,67.284,56.079,120.18,174.453,144.095,24.801,43.823,18.516,43.133,12.581,17.184,68.543,17,174.661,78.171,9.877,109.039,212.25,33.84,128.854,65.206,139.036,37.153,171.905,122.854,9.993,45.121,166.06,129.777,46.56,88.305,73.455,80.07,37.411,103.982,51.932,85.912,55.613,93.639,103.188,90.781,48.845,39.445,119.591,0,71.078, 
Len de los Aldama,39.766,134.485,12.163,12.038,42.176,54.733,63.735,156.286,17.358,82.579,14.224,28.819,68.971,52.116,38.618,87.54,24.662,64.006,25.563,54.862,113.59,63.029,50.086,29.71,52.979,33.062,63.331,82.846,12.813,56.116,117.867,9.871,74.667,43.174,131.184,39.427,121.973,18.099,76.06,52.869,151.046,57.536,67.327,51.034,109.266,63.912,62.08,58.987,8.309,10.337,44.84,97.101,48.654,10.63,131.446,27.774,109.307,24.916,54.963,32.615,41.282,71.078,0, 
