LOCALIDADES,Novara,Capoacan,Paraso Novillero,La Cerquilla,El Nigromante,Acula,Tlapacoyan,Fraccionamiento los Prados,Los Mangos,Xochiapa,Colonia Benito Jurez,Linda Vista,Nopaltepec,Benemrito Jurez,Huazuntln,Saltabarranca,Aguilera,Morelos,Ocozotepec,Corral Nuevo,San Bartolo,Estero del Pantano,Los Tigres (San Marcos),Mapachapa,San Jos Chiltepec,Tres Zapotes,Colonia Lealtad,Dehesa,Hueyapan de Ocampo,Abasolo del Valle,Sihuapan,Nuevo Ixcatln,Estacin Juanita,Puerto Esmeralda,Mara Lombardo de Caso,Calera,Hidalgotitln,Tlacojalpan,Salto de Eyipantla,Jess Carranza,San Juan Evangelista,Chacaltianguis,Buena Vista,Otatitln,Gabino Barreda,San Pedro Mrtir,Comoapan,Soteapan,Soconusco,Mecayapan,Juan Daz Covarrubias,Villa Azueta,Coacotla,Chinameca,El Naranjito,Tlacotalpan,Cuichapa,Tatahuicapan,Mundo Nuevo,Pajapan,Lomas de Barrillas,Playa Vicente,Zaragoza,Texistepec,Ixhuatln del Sureste,Angel R. Cabada,Oluta,Sayula de Alemn,Juan Rodrguez Clara,Oteapan,Santiago Tuxtla,Fraccionamiento Ciudad Olmeca,Carlos A. Carrillo,Lerdo de Tejada,Cosoleacaque,Alvarado,Allende,Nanchital de Lzaro Crdenas del Ro,Isla,Catemaco,Cosamaloapan,Loma Bonita,Jltipan de Morelos,Minatitln,Acayucan,San Andrs Tuxtla,San Juan Bautista Tuxtepec,Minatitln,Coatzacoalcos, 
Novara,0,214.976,28.516,128.097,91.389,80.417,138.517,178.031,139.327,94.613,191.309,43.79,26.013,18.977,185.556,131.742,151.431,179.165,192.973,134.833,18.472,201.129,106.125,189.208,36.218,143.009,151.408,138.375,130.396,124.365,150.651,150.717,130.749,206.012,136.992,151.999,221.118,31.909,157.414,204.148,124.768,49.094,185.381,18.693,2.763,185.681,153.437,190.524,151.697,195.52,125.971,51.007,178.08,175.827,184.474,95.779,227.402,196.851,213.057,205.773,205.259,80.436,179.965,159.234,205.507,136.06,149.034,139.747,90.101,176.268,132.059,207.715,57.484,128.437,178.222,127.143,215.313,216.402,77.743,158.264,52.587,33.577,169.437,187.226,148.481,140.607,19.81,186.905,208.036, 
Capoacan,214.976,0,198.192,87.563,205.398,212.038,197.935,39.981,124.981,220.511,86.775,173.178,207.483,197.879,68.146,233.764,88.926,96.777,87.854,103.1,216.789,47.729,132.018,38.047,254.442,202.427,68.941,86.34,111.299,163.531,156.213,147.855,113.687,54.85,171.865,157.151,39.738,203.831,163.574,141.643,98.329,205.189,102.993,219.565,224.735,35.944,159.597,84.346,67.043,80.977,112.115,167.39,34.894,46.497,34.887,227.4,74.325,79.441,59.657,73.56,54.097,194.827,35.146,68.049,52.43,220.149,69.96,77.242,129.267,43.629,191.477,56.553,189.105,229.288,38.76,258.765,61.913,63.002,142.623,151.135,184.208,184.389,48.571,33.127,69.595,160.655,238.034,32.805,54.637, 
Paraso Novillero,28.516,198.192,0,119.828,111.421,51.901,110.001,160.286,115.314,114.645,173.565,64.613,9.291,39.801,167.811,103.226,140.331,161.421,175.229,110.82,38.597,183.006,97.857,171.085,56.25,114.493,133.663,130.106,106.383,116.096,122.135,142.449,122.481,187.889,157.024,123.483,202.995,52.732,128.898,193.048,116.5,45.052,167.637,39.516,26.543,167.558,124.921,172.78,133.952,177.776,104.52,71.83,160.335,158.082,166.351,67.263,209.279,179.106,194.934,188.028,187.136,100.468,162.22,141.49,187.384,107.544,131.29,128.647,81.832,158.523,103.543,189.592,28.967,99.921,160.477,98.627,197.19,198.279,69.474,129.748,24.071,54.4,151.692,169.103,130.737,112.091,39.842,168.782,189.913, 
La Cerquilla,128.097,87.563,119.828,0,117.835,134.929,120.427,49.935,54.343,132.948,63.213,85.615,130.374,110.316,57.46,156.257,23.334,51.069,64.877,32.621,129.226,73.033,44.454,61.112,155.915,124.919,23.312,10.278,40.661,75.968,85.575,67.907,33.739,77.916,106.273,86.514,93.022,116.268,92.937,76.051,10.766,128.08,57.285,132.002,125.322,57.585,88.96,62.428,23.601,67.424,41.477,79.827,49.984,47.731,56.378,150.291,99.306,68.755,84.961,77.677,77.163,107.264,51.869,31.138,77.411,142.642,20.938,11.65,41.704,48.172,113.969,79.619,111.996,151.781,50.126,181.656,87.217,88.306,55.06,80.497,107.099,96.826,41.341,59.13,20.385,90.017,139.507,58.809,79.94, 
El Nigromante,91.389,205.398,111.421,117.835,0,142.735,128.233,167.571,128.867,36.585,180.849,53.657,108.077,91.56,175.096,164.062,140.971,168.705,182.513,124.373,77.525,190.669,95.665,178.748,75.054,132.725,140.948,127.914,119.936,30.667,140.367,56.014,120.289,195.552,78.963,141.715,210.658,85.275,147.13,183.097,114.308,135.886,174.921,96.695,88.674,175.221,143.153,180.064,141.237,185.06,115.511,52.933,167.62,165.367,174.014,158.097,216.942,186.391,202.597,195.313,194.799,10.954,169.505,148.774,195.047,150.447,138.574,129.287,79.64,165.808,121.775,197.255,119.802,159.586,167.762,189.462,204.853,205.942,58.89,147.98,114.905,65.834,158.977,176.766,138.021,130.323,70.654,176.445,197.576, 
Acula,80.417,212.038,51.901,134.929,142.735,0,98.441,170.203,153.742,152.637,183.482,62.718,55.482,85.992,177.728,69.487,150.248,171.338,185.146,120.737,84.788,192.923,107.774,181.002,102.441,93.826,143.58,140.023,116.3,126.013,121.952,152.366,132.398,197.806,195.015,123.3,212.912,60.214,128.715,202.965,126.417,42.471,177.554,85.707,72.734,177.475,124.738,182.697,143.869,187.693,114.437,71.831,170.252,167.999,176.268,33.524,219.196,189.023,204.851,197.945,197.053,126.953,172.137,151.407,197.301,73.805,141.207,138.564,91.749,168.44,101.656,199.509,24.713,66.182,170.394,64.888,207.107,208.196,79.391,129.565,23.535,100.591,161.609,179.02,140.654,117.824,86.033,178.699,199.83, 
Tlapacoyan,138.517,197.935,110.001,120.427,128.233,98.441,0,156.395,67.819,138.425,140.061,91.092,114.534,115.793,139.556,26.209,136.44,127.917,141.725,89.666,134.703,179.114,93.562,167.193,161.493,4.801,129.772,125.811,85.229,111.801,36.029,138.154,118.186,183.997,180.803,37.377,199.104,121.745,42.792,189.157,112.205,112.24,134.133,137.479,130.799,163.667,38.815,140.742,130.061,145.738,80.778,85.304,156.444,154.191,162.459,62.948,205.387,150.851,191.042,159.773,183.244,112.741,158.329,137.599,183.492,25.335,127.399,124.756,77.537,154.632,17.437,185.7,96.156,30.705,156.586,64.256,193.298,194.387,65.179,43.642,91.259,102.303,147.801,165.212,123.92,31.901,145.085,164.891,186.021, 
Fraccionamiento los Prados,178.031,39.981,160.286,49.935,167.571,170.203,156.395,0,86.403,182.857,48.197,135.524,179.825,160.225,29.568,180.066,51.272,58.2,49.276,64.522,179.135,26.21,94.364,14.289,226.784,174.769,30.363,48.686,72.722,125.877,117.635,110.202,76.034,31.093,134.212,118.574,46.024,166.177,124.997,103.99,60.675,177.531,64.416,181.911,175.232,4.84,121.02,45.768,28.465,42.399,73.537,129.736,7.773,7.919,6.397,199.742,52.483,40.863,38.138,38.683,30.34,157.173,4.448,29.472,30.588,166.451,31.382,39.589,91.613,5.052,137.985,32.796,161.447,175.59,1.283,208.592,40.394,41.483,104.969,112.558,156.55,146.735,9.993,12.133,31.017,122.077,210.376,11.811,33.117, 
Los Mangos,139.327,124.981,115.314,54.343,128.867,153.742,67.819,86.403,0,138.903,72.814,91.57,125.199,116.27,72.309,93.887,80.223,60.67,74.478,22.419,135.181,111.287,65.626,99.366,172.158,73.244,57.504,65.545,17.982,87.259,31.456,111.003,76.835,116.17,163.163,32.395,131.101,122.223,38.818,132.941,53.862,122.905,66.886,137.957,131.277,90.204,34.841,73.495,60.145,78.491,13.531,85.782,86.528,84.275,91.474,121.105,137.56,83.604,123.215,92.526,115.417,113.219,88.413,74.122,115.665,80.272,60.385,68.54,52.995,84.716,51.806,117.873,106.821,89.411,86.67,122.413,125.471,126.56,65.657,26.379,101.924,102.781,77.885,97.21,56.673,35.898,155.75,96.888,118.194, 
Xochiapa,94.613,220.511,114.645,132.948,36.585,152.637,138.425,182.857,138.903,0,230.398,103.206,144.708,128.191,224.645,213.611,198.158,218.254,232.062,173.922,114.156,240.218,83.48,228.297,111.685,182.274,190.497,177.463,169.485,53.631,189.916,53.417,85.942,245.101,51.975,191.264,251.489,121.905,196.679,156.109,163.857,139.089,224.47,133.326,125.305,224.77,192.702,229.613,190.786,234.609,165.06,102.482,217.169,214.916,223.563,207.646,266.491,235.94,252.146,244.862,244.348,60.341,219.054,198.323,244.596,199.996,188.123,178.836,129.189,215.357,171.324,246.804,169.351,209.135,217.311,239.011,254.402,255.491,108.439,197.529,164.454,102.464,208.526,226.315,187.57,179.872,107.285,225.994,247.125, 
Colonia Benito Jurez,191.309,86.775,173.565,63.213,180.849,183.482,140.061,48.197,72.814,230.398,0,150.537,185.502,175.238,22.154,160.908,66.285,12.144,2.845,45.364,194.148,72.948,109.377,53.381,232.461,140.265,37.425,51.607,53.564,140.89,98.478,125.215,91.047,64.501,149.225,99.416,92.762,181.19,105.839,119.003,75.688,183.208,5.928,196.924,190.245,51.865,101.862,9.095,40.037,14.091,54.379,144.749,52.813,40.905,53.135,188.126,99.221,33.449,84.876,42.371,63.748,172.186,50.101,49.391,77.326,147.293,46.447,54.602,106.626,44.067,118.827,66.204,167.124,156.432,48.331,189.434,87.132,88.221,119.982,93.4,162.227,161.748,47.628,58.871,42.734,102.919,216.053,58.549,69.926, 
Linda Vista,43.79,173.178,64.613,85.615,53.657,62.718,91.092,135.524,91.57,103.206,150.537,0,63.099,26.008,143.075,132.116,108.95,136.684,150.492,92.352,44.919,158.648,63.643,146.727,71.608,100.778,108.927,95.893,87.915,81.883,108.42,108.235,88.268,163.531,106.899,109.768,178.637,31.961,115.183,161.667,82.287,34.19,142.9,47.695,41.015,143.2,111.206,148.043,109.216,153.039,83.49,7.446,135.599,133.346,141.993,92.981,184.921,154.37,170.576,163.292,162.778,38.837,137.484,116.753,163.026,118.501,106.553,97.266,47.619,133.787,89.828,165.234,54.528,127.64,135.741,124.345,172.832,173.921,35.261,116.033,56.847,12.519,126.956,144.745,106,98.377,55.2,144.424,165.555, 
Nopaltepec,26.013,207.483,9.291,130.374,108.077,55.482,114.534,179.825,125.199,144.708,185.502,63.099,0,37.205,175.203,110.618,147.723,168.813,182.621,118.212,36.001,190.398,105.249,178.477,53.654,121.885,141.055,137.498,113.775,123.488,129.527,149.841,129.873,195.281,154.428,130.875,210.387,50.136,136.29,200.44,123.892,52.444,175.029,36.92,23.947,174.95,132.313,180.172,141.344,185.168,111.912,69.234,167.727,165.474,173.743,74.655,216.671,186.498,202.326,195.42,194.528,97.872,169.612,148.882,194.776,114.936,138.682,136.039,89.224,165.915,110.935,196.984,36.36,107.313,167.869,106.019,204.582,205.671,76.866,137.14,31.463,51.804,159.084,176.495,138.129,119.483,37.246,176.174,197.305, 
Benemrito Jurez,18.977,197.879,39.801,110.316,91.56,85.992,115.793,160.225,116.27,128.191,175.238,26.008,37.205,0,168.017,144.224,133.892,161.626,175.434,117.294,20.315,183.59,88.586,171.669,47.003,125.72,133.869,120.835,112.857,106.826,133.362,133.178,113.21,188.473,123.939,134.71,203.579,36.307,140.125,186.609,107.229,53.492,167.842,23.091,16.411,168.142,136.148,172.985,134.158,177.981,108.432,33.467,160.541,158.288,166.935,108.261,209.863,179.312,195.518,188.234,187.72,59.736,162.426,141.695,187.968,143.443,131.495,122.208,72.562,158.729,114.77,190.176,69.966,140.919,160.683,139.625,197.774,198.863,60.203,140.975,65.069,16.037,151.898,169.687,130.942,123.319,30.595,169.366,190.497, 
Huazuntln,185.556,68.146,167.811,57.46,175.096,177.728,139.556,29.568,72.309,224.645,22.154,143.075,175.203,168.017,0,165.985,58.797,32.786,23.29,50.441,186.66,54.376,101.889,34.809,224.973,145.342,33.918,56.211,58.64,133.402,103.554,117.727,83.559,45.929,141.737,104.492,74.19,173.702,110.915,111.515,68.2,175.72,26.57,189.436,182.757,33.293,106.938,19.782,35.99,12.43,59.456,137.261,34.241,22.333,34.563,197.931,80.649,11.806,66.304,20.728,45.176,164.698,31.529,36.996,58.754,152.37,38.907,47.114,99.138,25.495,123.904,47.632,159.636,161.509,29.759,194.511,68.56,69.649,112.494,98.476,154.739,154.26,29.056,40.299,38.542,107.996,208.565,39.977,51.354, 
Saltabarranca,131.742,233.764,103.226,156.257,164.062,69.487,26.209,180.066,93.887,213.611,160.908,132.116,110.618,144.224,165.985,0,173.867,154.313,168.121,116.063,142.5,204.93,134.324,193.009,160.153,21.682,151.148,166.573,111.625,152.563,62.426,178.916,158.948,209.813,221.565,63.773,224.744,112.261,69.188,226.585,152.967,94.518,160.529,143.419,130.446,183.847,65.211,167.139,153.788,172.135,107.175,126.066,180.172,177.919,185.117,37.178,231.203,177.248,216.858,186.17,209.06,153.503,182.057,167.766,209.308,10.201,154.029,162.184,118.299,178.36,42.13,211.516,76.76,4.935,180.313,38.486,219.114,220.203,105.941,70.039,80.595,143.065,171.529,190.853,150.316,58.297,143.745,190.531,211.837, 
Aguilera,151.431,88.926,140.331,23.334,140.971,150.248,136.44,51.272,80.223,198.158,66.285,108.95,147.723,133.892,58.797,173.867,0,50.551,64.359,56.873,150.758,72.515,65.986,60.594,177.447,143.872,22.794,20.308,65.072,97.499,109.986,61.742,27.574,77.398,85.917,110.924,92.504,137.799,117.347,55.695,32.297,146.634,56.767,153.534,146.854,57.067,113.37,61.91,23.083,66.906,65.888,101.358,49.466,47.213,55.86,168.845,98.788,68.237,84.443,77.159,76.645,128.796,51.351,30.62,76.893,161.594,20.42,10.002,63.235,47.654,132.922,79.101,130.55,170.733,49.608,200.21,86.699,87.788,76.591,104.908,125.653,118.357,40.823,58.612,19.867,114.428,161.039,58.291,79.422, 
Morelos,179.165,96.777,161.421,51.069,168.705,171.338,127.917,58.2,60.67,218.254,12.144,136.684,168.813,161.626,32.786,154.313,50.551,0,13.808,33.22,186.71,89.911,101.939,77.99,225.023,128.121,36.129,44.169,41.42,133.452,86.334,117.777,83.609,94.794,141.787,87.272,109.725,173.752,93.695,111.565,68.25,175.77,6.216,189.486,182.807,68.828,89.718,19.669,38.769,24.665,42.235,137.311,65.152,62.899,70.098,175.982,116.184,44.023,101.839,52.945,94.041,164.748,67.037,52.746,94.289,135.149,39.01,47.164,99.188,63.34,106.683,96.497,159.686,144.288,65.294,177.29,104.095,105.184,112.544,81.256,154.789,154.31,56.509,75.834,35.297,90.775,208.615,75.512,96.818, 
Ocozotepec,192.973,87.854,175.229,64.877,182.513,185.146,141.725,49.276,74.478,232.062,2.845,150.492,182.621,175.434,23.29,168.121,64.359,13.808,0,47.027,195.226,74.026,110.455,54.459,233.539,141.928,38.503,52.685,55.227,141.968,100.141,126.293,92.125,65.579,150.303,101.079,93.84,182.268,107.502,120.081,76.766,184.286,7.591,198.002,191.323,52.943,103.525,10.173,41.115,15.169,56.042,145.827,53.891,41.983,54.213,189.789,100.299,34.527,85.954,43.449,64.826,173.264,51.179,50.469,78.404,148.956,47.525,55.68,107.704,45.145,120.49,67.282,168.202,158.095,49.409,191.097,88.21,89.299,121.06,95.063,163.305,162.826,48.706,59.949,43.812,104.582,217.131,59.627,71.004, 
Corral Nuevo,134.833,103.1,110.82,32.621,124.373,120.737,89.666,64.522,22.419,173.922,45.364,92.352,118.212,117.294,50.441,116.063,56.873,33.22,47.027,0,130.699,89.417,65.945,77.496,167.676,95.451,35.635,43.676,8.749,97.459,53.663,89.398,55.23,94.3,141.294,54.601,109.231,117.741,61.024,111.072,32.257,118.423,45.016,133.475,126.795,68.334,57.047,51.626,38.276,56.622,9.565,81.3,64.659,62.406,69.605,143.312,115.69,61.735,101.345,70.657,93.547,108.737,66.544,52.253,93.795,102.479,38.516,46.671,63.195,62.847,74.013,96.003,102.339,111.618,64.801,144.62,103.601,104.69,61.175,48.585,97.442,98.299,56.016,75.34,34.803,58.105,151.268,75.018,96.324, 
San Bartolo,18.472,216.789,38.597,129.226,77.525,84.788,134.703,179.135,135.181,114.156,194.148,44.919,36.001,20.315,186.66,142.5,150.758,186.71,195.226,130.699,0,196.839,101.835,184.918,24.355,138.969,147.118,134.084,126.106,120.075,146.611,146.427,126.459,201.722,125.129,147.959,216.828,33.038,153.374,199.858,120.478,50.223,181.091,19.822,13.142,181.391,149.397,186.234,147.407,191.23,121.681,46.716,173.79,171.537,180.184,105.828,223.112,192.561,208.767,201.483,200.969,68.573,175.675,154.944,201.217,146.11,144.744,135.457,85.811,171.978,128.019,203.425,67.533,138.487,173.932,137.193,211.023,212.112,73.452,154.224,62.636,29.286,165.147,182.936,144.191,136.568,7.947,182.615,203.746, 
Estero del Pantano,201.129,47.729,183.006,73.033,190.669,192.923,179.114,26.21,111.287,240.218,72.948,158.648,190.398,183.59,54.376,204.93,72.515,89.911,74.026,89.417,196.839,0,117.492,16.582,239.916,187.901,54.522,71.814,96.881,149.005,141.795,133.329,99.161,15.872,157.339,142.733,54.98,189.305,149.156,127.117,83.803,190.663,88.575,205.039,210.209,23.219,145.179,69.927,52.625,66.558,97.696,152.864,33.335,32.078,21.675,212.874,42.11,65.022,12.342,52.095,16.982,180.301,30.01,53.631,29.225,205.623,55.541,62.716,114.741,29.211,176.951,19.438,174.579,214.762,24.342,244.239,14.598,15.687,128.097,136.717,169.682,169.863,34.152,17.91,55.176,146.236,223.508,16.185,7.322, 
Los Tigres (San Marcos),106.125,132.018,97.857,44.454,95.665,107.774,93.562,94.364,65.626,83.48,109.377,63.643,105.249,88.586,101.889,134.324,65.986,101.939,110.455,65.945,101.835,117.492,0,102.173,132.783,101.787,64.373,51.34,57.026,31.795,109.429,44.461,17.744,118.977,106.25,110.777,134.083,93.136,116.192,117.113,37.733,104.948,98.346,108.87,102.19,98.646,112.215,103.489,64.662,108.485,52.601,56.695,91.045,88.792,97.439,127.159,140.367,109.816,126.022,118.738,118.224,84.132,92.93,72.199,118.472,119.51,61.999,52.712,15.226,89.233,90.837,120.68,88.864,128.649,91.187,158.524,128.278,129.367,31.928,117.042,83.967,73.694,82.402,100.191,61.446,99.385,116.375,99.87,121.001, 
Mapachapa,189.208,38.047,171.085,61.112,178.748,181.002,167.193,14.289,99.366,228.297,53.381,146.727,178.477,171.669,34.809,193.009,60.594,77.99,54.459,77.496,184.918,16.582,102.173,0,226.066,174.051,40.672,57.964,83.031,135.155,127.945,119.479,85.311,17.548,143.489,128.883,44.039,175.455,135.306,113.267,69.953,176.813,74.725,191.189,196.359,10.67,131.329,56.077,38.775,52.708,83.846,139.014,19.485,18.228,7.825,199.024,43.184,51.172,28.839,36.257,16.795,166.451,16.16,39.781,21.289,191.773,41.691,48.866,100.891,15.361,163.101,19.251,160.729,200.912,10.492,230.389,31.095,32.184,114.247,122.867,155.832,156.013,20.302,6.969,41.326,132.386,209.658,5.244,22.972, 
San Jos Chiltepec,36.218,254.442,56.25,155.915,75.054,102.441,161.493,226.784,172.158,111.685,232.461,71.608,53.654,47.003,224.973,160.153,177.447,225.023,233.539,167.676,24.355,239.916,132.783,226.066,0,171.094,170.012,156.978,149,106.648,178.736,124.821,149.353,224.616,123.379,180.084,239.722,55.932,185.499,227.513,143.372,73.117,203.985,42.716,34.695,204.285,181.522,209.128,170.301,214.124,144.575,69.61,196.684,194.431,203.078,123.864,246.006,215.455,231.661,224.377,223.863,66.823,198.569,177.838,224.111,164.145,167.638,158.351,108.705,194.872,160.144,226.319,85.569,156.522,196.826,155.228,233.917,235.006,96.346,186.349,80.672,52.18,188.041,205.83,167.085,168.692,16.675,205.509,226.64, 
Tres Zapotes,143.009,202.427,114.493,124.919,132.725,93.826,4.801,174.769,73.244,182.274,140.265,100.778,121.885,125.72,145.342,21.682,143.872,128.121,141.928,95.451,138.969,187.901,101.787,174.051,171.094,0,134.265,130.304,89.722,116.294,40.522,142.647,122.679,188.49,185.296,41.87,203.597,126.238,47.285,193.65,116.698,116.733,138.626,141.972,135.292,168.16,43.308,145.235,134.554,150.231,85.271,89.797,160.937,158.684,166.952,58.424,209.88,155.344,195.535,164.266,187.737,117.234,162.822,142.092,187.985,20.811,131.892,129.249,82.03,159.125,21.93,190.193,100.649,26.181,161.079,59.732,197.791,198.88,69.672,48.135,95.752,106.796,152.294,169.705,128.413,36.394,149.578,169.384,190.514, 
Colonia Lealtad,151.408,68.941,133.663,23.312,140.948,143.58,129.772,30.363,57.504,190.497,37.425,108.927,141.055,133.869,33.918,151.148,22.794,36.129,38.503,35.635,147.118,54.522,64.373,40.672,170.012,134.265,0,21.772,45.688,98.963,90.602,83.288,49.12,60.304,107.298,91.541,75.235,139.263,97.964,77.076,33.761,141.281,37.383,154.997,148.318,34.338,93.987,35.104,2.816,40.1,46.504,102.822,30.662,28.409,35.608,163.492,81.694,45.213,67.349,54.135,59.551,130.259,32.548,18.257,59.799,139.418,6.88,12.675,64.699,28.851,110.952,62.007,125.197,148.557,30.804,181.559,69.605,70.694,78.055,85.525,120.3,119.821,22.019,41.344,2.378,95.044,174.126,41.022,62.328, 
Dehesa,138.375,86.34,130.106,10.278,127.914,140.023,125.811,48.686,65.545,177.463,51.607,95.893,137.498,120.835,56.211,166.573,20.308,44.169,52.685,43.676,134.084,71.814,51.34,57.964,156.978,130.304,21.772,0,51.895,86.246,96.809,78.185,44.017,76.693,105.05,97.747,91.799,126.546,104.17,74.828,21.044,138.358,43.589,142.28,135.6,56.362,100.193,48.732,16.3,53.728,52.71,90.105,42.683,40.43,55.155,160.569,98.083,58.841,83.738,67.763,75.94,117.542,44.568,23.441,76.188,152.92,13.241,10.427,51.982,40.871,124.247,78.396,122.274,162.059,42.825,191.934,85.994,87.083,65.337,91.731,117.377,107.104,34.04,57.907,10.061,101.25,149.785,57.586,78.717, 
Hueyapan de Ocampo,130.396,111.299,106.383,40.661,119.936,116.3,85.229,72.722,17.982,169.485,53.564,87.915,113.775,112.857,58.64,111.625,65.072,41.42,55.227,8.749,126.106,96.881,57.026,83.031,149,89.722,45.688,51.895,0,78.236,49.122,97.577,63.409,102.743,149.737,50.061,117.674,113.2,56.484,119.515,40.436,113.882,53.459,128.934,122.254,76.777,52.507,60.069,46.718,65.065,5.024,76.759,73.102,70.849,78.047,138.771,124.133,70.178,109.788,79.1,101.99,104.196,74.987,60.696,102.238,97.938,46.959,55.114,43.972,71.29,69.472,104.446,97.798,107.077,73.243,140.079,112.044,113.133,56.634,44.045,92.901,93.758,64.459,83.783,43.246,53.564,146.727,83.461,104.767, 
Abasolo del Valle,124.365,163.531,116.096,75.968,30.667,126.013,111.801,125.877,87.259,53.631,140.89,81.883,123.488,106.826,133.402,152.563,97.499,133.452,141.968,97.459,120.075,149.005,31.795,135.155,106.648,116.294,98.963,86.246,78.236,0,128.858,33.937,47.199,152.042,61.459,130.206,167.148,112.565,135.621,150.177,70.797,124.377,131.411,128.299,121.619,131.711,131.644,136.554,97.727,141.55,72.001,76.124,124.11,121.857,130.504,146.588,173.432,142.881,159.087,151.803,151.289,40.109,125.995,105.264,151.537,138.939,95.064,85.776,34.654,122.298,110.266,153.745,108.293,148.078,124.252,177.953,161.343,162.432,49.395,136.471,103.396,93.123,115.467,133.256,94.511,118.814,96.194,132.935,154.066, 
Sihuapan,150.651,156.213,122.135,85.575,140.367,121.952,36.029,117.635,31.456,189.916,98.478,108.42,129.527,133.362,103.554,62.426,109.986,86.334,100.141,53.663,146.611,141.795,109.429,127.945,178.736,40.522,90.602,96.809,49.122,128.858,0,156.492,136.524,147.387,199.141,1.348,162.318,140.083,7.771,164.159,85.08,130.578,98.103,155.817,149.137,121.421,3.794,104.713,91.363,109.709,44.749,103.642,117.746,115.493,122.692,89.649,168.777,114.822,154.432,123.744,146.634,131.079,119.631,105.34,146.882,48.816,91.603,99.758,95.875,115.934,20.35,149.09,114.494,57.955,117.888,90.957,156.688,157.777,83.517,7.613,109.597,120.641,109.103,128.427,87.89,4.442,163.423,128.105,149.411, 
Nuevo Ixcatln,150.717,147.855,142.449,67.907,56.014,152.366,138.154,110.202,111.003,53.417,125.215,108.235,149.841,133.178,117.727,178.916,61.742,117.777,126.293,89.398,146.427,133.329,44.461,119.479,124.821,142.647,83.288,78.185,97.577,33.937,156.492,0,35.639,140.554,61.794,143.55,155.66,131.454,149.973,104.816,59.31,149.54,119.923,142.874,134.853,120.223,145.996,125.066,86.239,130.062,98.513,101.287,112.622,110.369,119.016,171.751,161.944,131.393,147.599,140.315,139.801,69.89,114.507,93.776,140.049,164.102,83.576,74.289,59.818,110.81,135.429,142.257,133.456,173.241,112.764,203.116,149.855,150.944,76.52,137.533,128.559,112.013,103.979,121.768,83.023,143.977,116.833,121.447,142.578, 
Estacin Juanita,130.749,113.687,122.481,33.739,120.289,132.398,118.186,76.034,76.835,85.942,91.047,88.268,129.873,113.21,83.559,158.948,27.574,83.609,92.125,55.23,126.459,99.161,17.744,85.311,149.353,122.679,49.12,44.017,63.409,47.199,136.524,35.639,0,104.915,97.428,107.911,120.021,115.038,114.334,70.648,23.671,126.85,84.284,130.772,124.092,84.584,110.357,89.427,50.6,94.423,62.874,78.596,76.983,74.73,83.377,149.061,126.305,95.754,111.96,104.676,104.162,106.034,78.868,58.137,104.41,141.412,47.937,38.65,35.093,75.171,112.739,106.618,110.766,150.551,77.125,180.426,114.216,115.305,53.829,101.894,105.869,95.596,68.34,86.129,47.384,111.414,138.277,85.808,106.939, 
Puerto Esmeralda,206.012,54.85,187.889,77.916,195.552,197.806,183.997,31.093,116.17,245.101,64.501,163.531,195.281,188.473,45.929,209.813,77.398,94.794,65.579,94.3,201.722,15.872,118.977,17.548,224.616,188.49,60.304,76.693,102.743,152.042,147.387,140.554,104.915,0,161.229,146.623,60.369,193.195,153.046,131.007,87.693,194.553,65.326,208.929,214.099,28.41,149.069,58.538,56.515,55.169,101.586,156.754,37.225,35.968,25.565,216.764,59.514,51.097,21.121,43.723,2.02,184.191,33.9,57.521,37.619,209.513,59.431,66.606,118.631,33.101,180.841,5.213,178.469,218.652,28.232,248.129,23.377,24.466,131.987,140.607,173.572,173.753,38.042,23.299,59.066,150.126,227.398,21.574,9.213, 
Mara Lombardo de Caso,136.992,171.865,157.024,106.273,78.963,195.015,180.803,134.212,163.163,51.975,149.225,106.899,154.428,123.939,141.737,221.565,85.917,141.787,150.303,141.294,125.129,157.339,106.25,143.489,123.379,185.296,107.298,105.05,149.737,61.459,199.141,61.794,97.428,161.229,0,199.017,199.968,129.658,204.432,104.588,102.653,146.842,202.998,141.078,133.057,203.298,200.455,208.141,169.313,213.137,212.119,110.235,195.696,193.443,202.091,215.399,245.019,214.467,230.674,223.389,222.876,68.094,197.581,176.851,223.124,207.749,166.651,156.233,136.942,193.884,179.077,225.332,177.104,216.888,195.838,246.764,232.93,234.019,116.192,205.282,172.207,110.217,187.053,204.843,166.098,187.625,115.037,204.522,225.653, 
Calera,151.999,157.151,123.483,86.514,141.715,123.3,37.377,118.574,32.395,191.264,99.416,109.768,130.875,134.71,104.492,63.773,110.924,87.272,101.079,54.601,147.959,142.733,110.777,128.883,180.084,41.87,91.541,97.747,50.061,130.206,1.348,143.55,107.911,146.623,199.017,0,163.249,141.422,6.715,165.089,86.01,131.917,99.034,157.156,150.476,122.352,2.738,105.643,92.293,110.639,45.68,104.981,118.676,116.423,123.622,90.988,169.708,115.752,155.363,124.674,147.565,132.418,120.561,106.27,147.813,50.155,92.534,100.688,97.214,116.864,21.689,150.021,115.833,59.294,118.818,92.296,157.619,158.708,84.856,8.544,110.936,121.98,110.033,129.358,88.821,5.781,164.762,129.036,150.342, 
Hidalgotitln,221.118,39.738,202.995,93.022,210.658,212.912,199.104,46.024,131.101,251.489,92.762,178.637,210.387,203.579,74.19,224.744,92.504,109.725,93.84,109.231,216.828,54.98,134.083,44.039,239.722,203.597,75.235,91.799,117.674,167.148,162.318,155.66,120.021,60.369,199.968,163.249,0,209.973,169.716,90.48,104.471,211.331,109.135,225.707,230.877,42.086,165.739,90.488,73.185,87.119,118.257,173.532,41.036,52.639,41.029,233.542,80.467,85.583,65.799,79.702,60.239,200.969,41.288,63.121,58.572,226.291,76.102,83.384,135.409,49.771,197.619,62.695,195.247,235.43,44.902,264.907,68.055,69.144,148.765,157.277,190.35,190.531,54.713,39.269,75.737,166.797,244.176,38.947,60.779, 
Tlacojalpan,31.909,203.831,52.732,116.268,85.275,60.214,121.745,166.177,122.223,121.905,181.19,31.961,50.136,36.307,173.702,112.261,137.799,173.752,182.268,117.741,33.038,189.305,93.136,175.455,55.932,126.238,139.263,126.546,113.2,112.565,140.083,131.454,115.038,193.195,129.658,141.422,209.973,0,145.949,192.433,113.053,18.127,173.666,13.628,29.134,173.966,141.972,178.809,139.982,183.805,114.256,39.291,166.365,164.112,172.759,75.576,215.687,185.136,201.342,194.058,193.544,65.56,168.25,147.519,193.792,115.857,137.319,128.032,78.385,164.553,120.594,196,37.123,108.234,166.507,106.94,203.598,204.687,66.027,146.799,39.442,19.737,157.722,175.511,136.766,129.143,43.319,175.19,196.321, 
Salto de Eyipantla,157.414,163.574,128.898,92.937,147.13,128.715,42.792,124.997,38.818,196.679,105.839,115.183,136.29,140.125,110.915,69.188,117.347,93.695,107.502,61.024,153.374,149.156,116.192,135.306,185.499,47.285,97.964,104.17,56.484,135.621,7.771,149.973,114.334,153.046,204.432,6.715,169.716,145.949,0,171.32,92.241,137.388,105.265,162.627,155.947,128.583,4.47,111.874,98.524,116.87,51.91,110.452,124.907,122.654,129.853,96.459,175.939,121.983,161.594,130.905,153.796,137.889,126.792,112.501,154.044,55.626,98.764,106.919,102.685,123.095,27.16,156.252,121.304,64.765,125.049,97.767,163.85,164.939,90.327,14.774,116.407,127.451,116.264,135.589,95.052,10.871,170.233,135.267,156.573, 
Jess Carranza,204.148,141.643,193.048,76.051,183.097,202.965,189.157,103.99,132.941,156.109,119.003,161.667,200.44,186.609,111.515,226.585,55.695,111.565,120.081,111.072,199.858,127.117,117.113,113.267,227.513,193.65,77.076,74.828,119.515,150.177,164.159,104.816,70.648,131.007,104.588,165.089,90.48,192.433,171.32,0,67.011,201.091,111.223,207.99,201.31,111.523,167.826,116.366,77.539,121.362,120.344,155.814,103.922,101.669,110.316,223.302,153.244,122.693,138.899,131.615,131.101,171.944,105.807,85.076,131.349,216.051,74.876,64.458,117.691,102.11,187.379,133.557,185.007,225.19,104.064,254.667,141.155,142.244,131.047,159.364,180.11,172.813,95.279,113.068,74.323,168.884,218.888,112.747,133.878, 
San Juan Evangelista,124.768,98.329,116.5,10.766,114.308,126.417,112.205,60.675,53.862,163.857,75.688,82.287,123.892,107.229,68.2,152.967,32.297,68.25,76.766,32.257,120.478,83.803,37.733,69.953,143.372,116.698,33.761,21.044,40.436,70.797,85.08,59.31,23.671,87.693,102.653,86.01,104.471,113.053,92.241,67.011,0,133.879,67.816,137.801,131.121,68.116,93.889,72.959,34.132,77.955,46.406,85.626,60.515,58.262,66.909,156.09,109.837,79.286,95.492,88.208,87.694,113.063,62.4,41.669,87.942,148.441,31.469,22.181,47.503,58.703,119.768,90.15,117.795,157.58,60.657,187.455,97.748,98.837,60.858,85.426,112.898,102.625,51.872,69.661,30.916,94.946,145.306,69.34,90.471, 
Chacaltianguis,49.094,205.189,45.052,128.08,135.886,42.471,112.24,177.531,122.905,139.089,183.208,34.19,52.444,53.492,175.72,94.518,146.634,175.77,184.286,118.423,50.223,190.663,104.948,176.813,73.117,116.733,141.281,138.358,113.882,124.377,130.578,149.54,126.85,194.553,146.842,131.917,211.331,18.127,137.388,201.091,133.879,0,176.369,30.812,46.319,176.29,133.653,181.512,142.684,186.508,113.252,40.673,169.067,166.814,175.083,57.833,218.011,187.838,203.666,196.76,195.868,125.768,170.952,150.222,196.116,98.114,140.022,137.379,90.564,167.255,112.275,198.324,19.38,90.491,169.209,89.197,205.922,207.011,78.206,138.48,21.699,36.921,160.424,177.835,139.469,120.823,60.504,177.514,198.645, 
Buena Vista,185.381,102.993,167.637,57.285,174.921,177.554,134.133,64.416,66.886,224.47,5.928,142.9,175.029,167.842,26.57,160.529,56.767,6.216,7.591,45.016,181.091,88.575,98.346,74.725,203.985,138.626,37.383,43.589,53.459,131.411,98.103,119.923,84.284,65.326,202.998,99.034,109.135,173.666,105.265,111.223,67.816,176.369,0,195.702,189.023,75.044,95.934,13.453,44.985,18.449,48.451,143.527,71.368,45.263,76.314,182.198,122.4,37.807,108.055,46.729,68.106,170.964,73.253,58.962,100.505,141.365,45.226,53.38,105.404,48.425,112.899,70.562,165.902,150.504,71.51,183.506,110.311,111.4,118.76,87.472,161.005,160.526,62.725,82.05,41.513,96.991,214.831,81.728,74.284, 
Otatitln,18.693,219.565,39.516,132.002,96.695,85.707,137.479,181.911,137.957,133.326,196.924,47.695,36.92,23.091,189.436,143.419,153.534,189.486,198.002,133.475,19.822,205.039,108.87,191.189,42.716,141.972,154.997,142.28,128.934,128.299,155.817,142.874,130.772,208.929,141.078,157.156,225.707,13.628,162.627,207.99,137.801,30.812,195.702,0,15.918,189.587,157.593,194.43,155.603,199.426,129.877,54.912,181.986,179.733,188.38,88.261,231.308,200.757,216.963,209.679,209.165,90.729,183.871,163.14,209.413,128.542,152.94,143.653,94.006,180.174,136.215,211.621,49.808,120.919,182.128,119.625,219.219,220.308,81.648,162.42,64.576,37.482,173.343,191.132,152.387,144.764,30.103,190.811,211.942, 
Gabino Barreda,2.763,224.735,26.543,125.322,88.674,72.734,130.799,175.232,131.277,125.305,190.245,41.015,23.947,16.411,182.757,130.446,146.854,182.807,191.323,126.795,13.142,210.209,102.19,196.359,34.695,135.292,148.318,135.6,122.254,121.619,149.137,134.853,124.092,214.099,133.057,150.476,230.877,29.134,155.947,201.31,131.121,46.319,189.023,15.918,0,182.907,150.662,187.75,148.923,192.746,123.197,48.232,175.306,173.053,181.7,93.004,224.628,194.077,210.283,202.999,202.485,77.661,177.191,156.46,202.733,133.285,146.26,136.973,87.326,173.494,129.284,204.941,54.709,125.662,175.448,124.368,212.539,213.628,74.968,155.489,49.812,30.802,166.663,184.452,145.707,137.832,17.035,184.131,205.262, 
San Pedro Mrtir,185.681,35.944,167.558,57.585,175.221,177.475,163.667,4.84,90.204,224.77,51.865,143.2,174.95,168.142,33.293,183.847,57.067,68.828,52.943,68.334,181.391,23.219,98.646,10.67,204.285,168.16,34.338,56.362,76.777,131.711,121.421,120.223,84.584,28.41,203.298,122.352,42.086,173.966,128.583,111.523,68.116,176.29,75.044,189.587,182.907,0,124.743,49.492,32.189,46.123,77.261,133.46,8.737,11.643,4.403,199.387,49.374,44.587,34.706,42.407,29.145,160.897,5.412,33.195,27.479,170.175,35.106,43.313,95.337,8.775,141.709,31.601,161.092,179.314,4.483,230.752,36.962,38.051,108.693,116.281,156.195,150.459,13.717,8.175,34.741,125.801,210.021,7.854,29.686, 
Comoapan,153.437,159.597,124.921,88.96,143.153,124.738,38.815,121.02,34.841,192.702,101.862,111.206,132.313,136.148,106.938,65.211,113.37,89.718,103.525,57.047,149.397,145.179,112.215,131.329,181.522,43.308,93.987,100.193,52.507,131.644,3.794,145.996,110.357,149.069,200.455,2.738,165.739,141.972,4.47,167.826,93.889,133.653,95.934,157.593,150.662,124.743,0,107.898,94.548,112.894,47.934,106.476,120.931,118.678,125.877,92.483,171.963,118.007,157.618,126.929,149.82,133.913,122.816,108.525,150.068,51.65,94.788,102.943,98.709,119.119,23.184,152.276,117.328,60.789,121.073,93.791,159.874,160.963,86.351,10.798,112.431,123.475,112.288,131.613,91.076,6.895,166.257,131.291,152.597, 
Soteapan,190.524,84.346,172.78,62.428,180.064,182.697,140.742,45.768,73.495,229.613,9.095,148.043,180.172,172.985,19.782,167.139,61.91,19.669,10.173,51.626,186.234,69.927,103.489,56.077,209.128,145.235,35.104,48.732,60.069,136.554,104.713,125.066,89.427,58.538,208.141,105.643,90.488,178.809,111.874,116.366,72.959,181.512,13.453,194.43,187.75,49.492,107.898,0,37.451,5.653,60.376,142.163,50.227,38.319,50.549,202.833,96.635,24.457,82.29,33.448,61.162,169.6,47.515,46.805,74.74,153.29,43.861,52.016,104.04,41.481,124.824,63.618,164.538,162.429,45.745,195.431,84.546,85.635,117.396,99.396,159.641,159.162,45.042,56.285,40.148,108.916,213.467,55.963,67.34, 
Soconusco,151.697,67.043,133.952,23.601,141.237,143.869,130.061,28.465,60.145,190.786,40.037,109.216,141.344,134.158,35.99,153.788,23.083,38.769,41.115,38.276,147.407,52.625,64.662,38.775,170.301,134.554,2.816,16.3,46.718,97.727,91.363,86.239,50.6,56.515,169.313,92.293,73.185,139.982,98.524,77.539,34.132,142.684,44.985,155.603,148.923,32.189,94.548,37.451,0,41.485,47.42,103.62,28.757,26.504,33.703,164.29,79.789,45.918,65.444,54.84,57.646,131.057,30.642,16.351,57.894,140.334,5.265,13.473,65.497,26.945,111.868,60.102,125.995,149.473,28.899,182.475,67.7,68.789,78.853,86.441,121.098,120.619,20.114,39.439,4.9,95.96,174.924,39.117,60.423, 
Mecayapan,195.52,80.977,177.776,67.424,185.06,187.693,145.738,42.399,78.491,234.609,14.091,153.039,185.168,177.981,12.43,172.135,66.906,24.665,15.169,56.622,191.23,66.558,108.485,52.708,214.124,150.231,40.1,53.728,65.065,141.55,109.709,130.062,94.423,55.169,213.137,110.639,87.119,183.805,116.87,121.362,77.955,186.508,18.449,199.426,192.746,46.123,112.894,5.653,41.485,0,65.571,147.358,47.076,35.168,47.398,208.028,93.484,23.317,79.139,32.308,58.011,174.795,44.364,52,71.589,158.485,49.056,57.211,109.235,38.33,130.019,60.467,169.733,167.624,42.594,200.626,81.395,82.484,122.591,104.591,164.836,164.357,41.891,53.134,45.343,114.111,218.662,52.812,64.189, 
Juan Daz Covarrubias,125.971,112.115,104.52,41.477,115.511,114.437,80.778,73.537,13.531,165.06,54.379,83.49,111.912,108.432,59.456,107.175,65.888,42.235,56.042,9.565,121.681,97.696,52.601,83.846,144.575,85.271,46.504,52.71,5.024,72.001,44.749,98.513,62.874,101.586,212.119,45.68,118.257,114.256,51.91,120.344,46.406,113.252,48.451,129.877,123.197,77.261,47.934,60.376,47.42,65.571,0,72.366,73.651,71.398,78.596,134.401,124.682,70.727,110.337,79.649,102.539,99.803,75.536,61.245,102.787,93.568,47.508,55.663,39.579,71.839,65.102,104.995,93.405,102.707,73.793,135.709,112.593,113.682,52.241,39.675,88.508,89.365,65.008,84.332,43.795,49.194,142.334,84.01,105.316, 
Villa Azueta,51.007,167.39,71.83,79.827,52.933,71.831,85.304,129.736,85.782,102.482,144.749,7.446,69.234,33.467,137.261,126.066,101.358,137.311,145.827,81.3,46.716,152.864,56.695,139.014,69.61,89.797,102.822,90.105,76.759,76.124,103.642,101.287,78.596,156.754,110.235,104.981,173.532,39.291,110.452,155.814,85.626,40.673,143.527,54.912,48.232,133.46,106.476,142.163,103.62,147.358,72.366,0,129.802,127.549,136.196,87.184,179.124,148.573,164.779,157.495,156.981,38.053,131.687,110.956,157.229,112.704,100.756,91.468,41.822,127.99,84.031,159.437,48.731,121.843,129.944,118.548,167.035,168.124,29.464,110.236,51.05,19.747,121.159,138.948,100.203,92.58,62.428,138.627,159.758, 
Coacotla,178.08,34.894,160.335,49.984,167.62,170.252,156.444,7.773,86.528,217.169,52.813,135.599,167.727,160.541,34.241,180.172,49.466,65.152,53.891,64.659,173.79,33.335,91.045,19.485,196.684,160.937,30.662,42.683,73.102,124.11,117.746,112.622,76.983,37.225,195.696,118.676,41.036,166.365,124.907,103.922,60.515,169.067,71.368,181.986,175.306,8.737,120.931,50.227,28.757,47.076,73.651,129.802,0,12.745,14.324,187.767,60.41,45.689,46.065,43.509,38.267,154.534,4.498,26.832,38.515,163.812,28.743,36.95,88.974,9.877,135.346,40.723,149.472,172.951,9.211,205.953,48.321,49.41,102.33,109.918,144.575,144.096,7.913,20.06,28.378,119.438,198.401,19.738,41.044, 
Chinameca,175.827,46.497,158.082,47.731,165.367,167.999,154.191,7.919,84.275,214.916,40.905,133.346,165.474,158.288,22.333,177.919,47.213,62.899,41.983,62.406,171.537,32.078,88.792,18.228,194.431,158.684,28.409,40.43,70.849,121.857,115.493,110.369,74.73,35.968,193.443,116.423,52.639,164.112,122.654,101.669,58.262,166.814,45.263,179.733,173.053,11.643,118.678,38.319,26.504,35.168,71.398,127.549,12.745,0,12.913,188.202,58.999,33.627,44.654,31.447,36.856,154.969,9.879,27.267,37.104,164.246,29.177,37.385,89.409,3.845,135.78,39.312,149.907,173.385,8.109,206.387,46.91,47.999,102.765,110.353,145.01,144.531,6.546,18.649,28.812,119.872,198.836,18.327,39.633, 
El Naranjito,184.474,34.887,166.351,56.378,174.014,176.268,162.459,6.397,91.474,223.563,53.135,141.993,173.743,166.935,34.563,185.117,55.86,70.098,54.213,69.605,180.184,21.675,97.439,7.825,203.078,166.952,35.608,55.155,78.047,130.504,122.692,119.016,83.377,25.565,202.091,123.622,41.029,172.759,129.853,110.316,66.909,175.083,76.314,188.38,181.7,4.403,125.877,50.549,33.703,47.398,78.596,136.196,14.324,12.913,0,195.19,47.931,45.418,33.586,43.238,25.788,162.617,9.306,34.027,26.036,187.939,35.937,45.032,97.057,9.607,159.267,28.244,156.895,197.078,3.694,226.555,35.842,36.931,110.413,117.113,151.998,152.179,14.548,7.581,35.572,126.632,205.824,7.259,28.565, 
Tlacotalpan,95.779,227.4,67.263,150.291,158.097,33.524,62.948,199.742,121.105,207.646,188.126,92.981,74.655,108.261,197.931,37.178,168.845,175.982,189.789,143.312,105.828,212.874,127.159,199.024,123.864,58.424,163.492,160.569,138.771,146.588,89.649,171.751,149.061,216.764,215.399,90.988,233.542,75.576,96.459,223.302,156.09,57.833,182.198,88.261,93.004,199.387,92.483,202.833,164.29,208.028,134.401,87.184,187.767,188.202,195.19,0,240.147,209.974,225.802,218.896,218.004,147.904,193.088,172.358,218.252,40.798,162.158,159.515,112.7,189.391,68.649,220.46,39.999,33.175,191.345,31.881,228.058,229.147,100.342,96.558,43.834,121.542,182.56,199.971,161.605,84.817,106.984,199.65,220.781, 
Cuichapa,227.402,74.325,209.279,99.306,216.942,219.196,205.387,52.483,137.56,266.491,99.221,184.921,216.671,209.863,80.649,231.203,98.788,116.184,100.299,115.69,223.112,42.11,140.367,43.184,246.006,209.88,81.694,98.083,124.133,173.432,168.777,161.944,126.305,59.514,245.019,169.708,80.467,215.687,175.939,153.244,109.837,218.011,122.4,231.308,224.628,49.374,171.963,96.635,79.789,93.484,124.682,179.124,60.41,58.999,47.931,240.147,0,92.911,29.105,79.984,50.079,208.19,57.899,81.52,25.079,233.512,83.43,90.605,142.63,57.1,204.84,52.535,202.468,242.651,52.231,272.128,34.981,27.747,155.986,164.606,197.571,197.752,62.041,46.257,83.065,174.125,251.397,44.532,41.863, 
