LOCALIDADES,Apango de Zaragoza,La Compaa,San Jos Alchichica,Xochimilco,Tepeyahualco de Cuauhtmoc,Petlalcingo,San Francisco Independencia (Santa Mara Aserradero),San Vicente Boquern,San Francisco Cuautlancingo (El Barrio),Santa Clara Huitziltepec,La Pursima de Hidalgo,San Cristbal Tepeteopan,Tepanco de Lpez,Santiago Acozac,San Miguel Zacaola,Tlacamilco,Jess Nazareno,Nicols Bravo,Emilio Portes Gil,Francisco I. Madero,Santo Nombre,San Pablo de las Tunas,Atzitzintla,San Nicols Buenos Aires,San Andrs Cacaloapan,La Pursima,San Jos Tuzuapan,San Antonio Portezuelo,San Nicols Zoyapetlayoca,Santa Rosa,San Pablo Actipan,San Lorenzo Ometepec,Benito Jurez,San Jos Ixtapa,Aljojuca,Azumbilla,Cuesta Blanca,Mximo Serdn,Santa Mara Nenetzintla,Santa Ins Ahuatempan,Morelos Caada,San Miguel Zozutla,Ahuatepec,Tlanepantla,San Jernimo Ocotitln,San Jos Chiapa,Santiago Tenango,Palmar de Bravo,San Juan Ixcaquixtla,Tepexi de Rodrguez,San Simn de Bravo,San Martn Caltenco,Xochitln,Tecali de Herrera,Santo Toms Hueyotlipan,El Rincn Citlaltpetl,Chapulco,Santa Mara Coatepec,San Bartolo Teontepec,Santa rsula Chiconquiac,San Gabriel Tetzoyocan,Atoyatempan,San Agustn Tlaxco,La Magdalena Tetela Morelos,Soltepec,Tochtepec,Santa Mara la Alta,Nopalucan de la Granja,San Sebastin Villanueva,Yehualtepec,Cuapiaxtla de Madero,Actipan de Morelos (Santa Mara Actipan),Santa Mara Ixtiyucan,Tlachichuca,Santiago Acatln,Santiago Alseseca,Esperanza,Cuapiaxtla,Cuacnopalan,San Miguel Xaltepec,Tlacotepec de Benito Jurez,San Hiplito Xochiltenango,Magdalena Cuayucatepec,San Marcos Tlacoyalco,Oriental,Guadalupe Victoria,Ciudad de Rafael Lara Grajales,Quecholac,San Mateo Tlaixpan,San Salvador Huixcolotla,Santiago Miahuatln,Villa de El Carmen Tequexquitla,Ciudad de Libres,Tepatlaxco de Hidalgo,Acatln de Osorio,Los Reyes de Jurez,Palmarito Tochapan,San Salvador el Seco,Acajete,Ciudad Serdn,Acatzingo de Hidalgo,Tepeaca,Tecamachalco,Heroica Ciudad de Huajuapan de Len, 
Apango de Zaragoza,0,37.702,89.297,45.976,40.457,142.665,90.745,125.306,98.225,46.126,42.705,85.196,81.189,30.522,31.682,3.284,54.667,17.676,69.906,109.675,65.662,39.913,88.065,69.541,76.64,65.27,48.368,38.447,24.949,36.453,20.774,35.384,17.354,80.945,69.964,94.761,73.578,33.906,4.737,98.769,82.948,60.311,31.914,32.416,6.89,33.353,53.642,61.997,89.073,73.098,39.291,32.764,59.951,29.419,28.971,17.601,98.825,62.856,92.309,45.521,54.247,39.153,7.714,2.471,46.723,39.689,75.588,25.769,48.316,54.733,28.963,32.783,30.962,84.644,12.563,44.174,81.38,40.372,69.596,53.871,64.355,22.415,93.081,69.308,57.018,91.565,29.887,46.833,40.575,35.22,113.543,50.126,66.192,6.984,130.777,34.023,48.798,57.426,7.356,97.751,31.617,16.694,38.28,185.722, 
La Compaa,37.702,0,69.069,18.919,33.089,135.297,59.673,117.938,63.736,38.757,19.245,58.138,54.131,18.427,24.314,40.661,16.889,21.375,49.84,89.447,38.604,4.259,53.576,38.469,49.582,28.23,13.085,7.374,26.218,17.176,33.034,28.016,23.609,46.456,38.892,60.272,39.089,47.975,42.389,91.401,48.459,33.253,37.304,33.685,39.908,44.164,11.689,27.509,81.705,65.73,1.589,18.478,34.998,42.222,30.241,64.058,64.336,31.784,79.912,8.001,27.19,36.95,46.826,43.343,26.22,20.449,48.53,42.443,17.243,27.675,18.695,9.964,41.06,53.572,34.418,17.116,46.891,50.267,35.107,19.382,37.297,27.509,81.884,42.25,64.394,71.337,41.246,7.071,6.845,12.242,79.054,58.113,78.03,49.3,123.409,17.806,13.653,26.354,53.813,54.198,14.702,33.827,11.065,192.781, 
San Jos Alchichica,89.297,69.069,0,91.913,96.64,198.848,64.894,181.489,79.926,102.309,88.642,131.132,127.125,73.567,87.865,93.046,98.742,76.515,21.441,45.92,111.598,64.247,97.578,43.689,122.576,109.345,92.443,62.585,81.358,82.39,88.174,91.567,78.749,125.02,52.883,138.836,117.653,66.405,95.269,154.952,127.023,106.247,92.444,88.825,95.048,56.653,68.062,106.072,145.256,129.281,67.109,83.692,105.887,97.362,85.381,76.218,142.9,51.694,138.245,62.781,100.184,95.562,92.922,90.554,53.679,89.846,121.524,65.039,60.24,100.67,83.909,71.706,65.438,58.792,89.558,90.111,93.07,54.104,113.671,97.946,110.291,82.649,139.017,115.244,46.916,27.81,61.295,72.76,75.292,77.456,157.618,40.635,60.552,104.44,186.96,72.946,79.342,44.723,83.439,74.108,69.842,88.967,84.217,241.905, 
Xochimilco,45.976,18.919,91.913,0,19.311,132.545,78.193,106.361,69.995,22.191,9.944,44.393,40.386,29.452,23.296,47.598,20.169,29.225,71.998,111.604,24.859,30.998,59.835,60.626,35.837,27.767,14.146,29.532,23.441,14.235,30.257,15.843,35.177,52.715,61.049,66.531,45.348,86.923,42.814,79.824,46.85,19.508,33.186,29.567,40.333,66.322,24.975,33.767,70.128,54.153,22.92,17.461,18.26,39.445,24.681,70.618,69.286,53.941,51.506,25.259,13.445,35.932,46.148,43.768,48.378,11.533,34.785,56.68,39.401,13.931,17.677,21.984,49.668,75.729,34.842,3.372,53.15,96.606,41.366,21.802,23.552,24.732,52.278,28.505,86.552,93.494,63.404,18.166,12.208,14.902,57.791,80.271,100.188,55.86,138.863,21.995,17.718,48.511,60.373,69.521,23.249,29.416,8.059,175.602, 
Tepeyahualco de Cuauhtmoc,40.457,33.089,96.64,19.311,0,102.424,87.164,85.065,94.657,5.884,11.151,57.174,53.167,24.06,9.016,42.205,39.314,31.521,77.332,116.938,33.211,36.332,84.497,65.96,48.618,46.913,33.291,34.866,15.683,15.559,17.451,6.578,29.785,77.377,66.383,91.193,70.01,81.531,37.421,58.528,79.38,46.271,8.143,8.65,34.94,80.977,44.12,58.429,48.832,32.857,35.71,12.43,20.008,19.852,10.31,65.226,95.257,59.275,64.286,41.94,21.169,5.319,40.756,38.375,53.712,10.386,40.513,73.393,44.735,40.694,14.924,20.219,52.83,81.063,29.45,30.135,77.812,91.214,66.028,50.303,35.25,19.34,65.059,41.286,91.886,98.828,77.512,37.311,26.764,21.181,70.572,85.605,105.522,50.468,90.536,19.009,36.863,53.845,54.981,94.183,28.036,24.024,24.241,145.481, 
Petlalcingo,142.665,135.297,198.848,132.545,102.424,0,171.145,35.397,162.947,98.114,116.027,84.198,92.68,126.266,111.223,144.411,147.59,133.727,179.538,219.144,88.113,138.538,152.787,168.166,96.621,141.552,141.396,137.072,117.89,117.936,119.658,108.785,131.991,119.196,177.07,114.977,135.988,183.737,139.627,57.762,124.633,119.327,110.068,110.857,137.146,183.183,152.225,139.507,54.245,71.296,137.916,114.637,102.565,121.777,112.517,167.432,112.273,161.481,80.951,144.146,125.001,107.244,142.962,140.581,155.918,112.593,80.734,175.599,146.941,124.692,117.13,122.425,155.036,177.012,131.656,129.672,146.102,193.42,132.006,146.794,110.576,121.546,90.017,108.605,194.092,201.034,179.718,145.416,128.97,123.387,94.632,187.811,207.728,152.674,25.616,121.215,144.968,156.051,157.187,162.473,130.242,126.23,126.447,43.735, 
San Francisco Independencia (Santa Mara Aserradero),90.745,59.673,64.894,78.193,87.164,171.145,0,182.403,17.097,92.613,78.945,94.41,96.601,63.87,78.169,86.104,59.813,66.819,45.307,47.824,101.901,54.55,34.749,21.773,100.542,43.664,54.46,52.888,71.662,72.693,78.478,81.871,69.052,58.511,13.652,56.944,30.765,79.35,87.832,145.256,43.937,96.55,82.748,79.129,85.351,55.783,58.366,39.038,136.221,119.585,57.412,73.995,96.19,87.666,75.685,89.163,61.008,28.455,91.967,53.085,90.487,85.866,92.269,88.786,43.834,80.149,112.701,60.057,50.543,90.973,74.212,62.009,58.674,6.206,79.861,80.414,30.241,67.049,38.867,59.017,114.498,72.953,93.939,71.083,59.861,28.609,58.86,63.063,65.595,67.759,71.496,53.58,73.497,94.743,179.324,63.249,61.322,34.331,99.256,10.505,60.145,79.27,74.52,204.836, 
San Vicente Boquern,125.306,117.938,181.489,106.361,85.065,35.397,182.403,0,172.372,80.755,98.668,93.623,102.105,108.907,93.864,127.052,124.161,116.368,162.179,201.785,98.408,121.179,162.212,150.807,106.046,131.76,118.138,119.713,100.531,100.577,102.299,91.426,114.632,128.621,151.23,124.402,145.413,166.378,122.268,26.631,134.058,109.236,92.709,93.498,119.787,165.824,128.967,148.932,63.67,53.937,120.557,97.278,85.206,104.418,95.158,150.073,121.698,144.122,90.376,126.787,102.315,89.885,125.603,123.222,138.559,95.234,85.343,158.24,129.582,114.6,99.771,105.066,137.677,165.91,114.297,114.982,155.527,176.061,141.431,135.15,100.447,104.187,99.442,118.03,176.733,183.675,162.359,122.158,111.611,106.028,104.057,170.452,190.369,135.315,9.181,103.856,121.71,138.692,139.828,171.898,112.883,108.871,109.088,74.143, 
San Francisco Cuautlancingo (El Barrio),98.225,63.736,79.926,69.995,94.657,162.947,17.097,172.372,0,91.198,75.367,84.133,86.324,62.455,76.754,84.69,49.536,65.404,58.639,61.707,106.597,53.136,24.472,29.394,90.265,38.372,49.168,51.474,70.247,71.704,77.063,80.456,67.637,48.234,20.147,46.667,21.833,64.323,86.418,143.841,33.66,84.628,81.333,77.714,83.937,54.517,56.951,34.917,125.944,118.17,55.998,74.93,86.373,86.251,74.27,74.136,50.731,27.189,81.69,51.67,78.565,84.451,90.855,87.372,42.568,76.571,102.424,58.791,49.128,79.05,75.146,60.594,57.408,20.089,78.447,68.491,19.964,80.381,28.826,48.74,104.221,71.538,83.662,102.249,73.193,42.492,57.594,60.47,63.493,66.344,61.219,66.912,86.829,93.329,169.047,61.834,51.045,33.065,97.842,5.55,58.73,77.856,65.528,194.559, 
Santa Clara Huitziltepec,46.126,38.757,102.309,22.191,5.884,98.114,92.613,80.755,91.198,0,13.686,51.433,47.426,29.728,14.684,47.873,37.128,37.189,83,122.606,27.47,42,90.165,71.628,42.877,44.727,31.105,40.534,21.352,18.446,23.12,12.247,35.453,83.045,72.051,79.03,75.678,87.199,43.089,54.274,85.048,38.298,13.53,14.319,40.608,86.645,41.934,64.097,44.578,28.603,41.378,18.098,14.267,25.239,15.979,70.894,76.326,64.943,58.545,47.608,31.376,10.706,46.424,44.043,59.38,16.055,34.772,79.061,50.403,38.508,20.592,25.887,58.498,86.731,35.118,27.949,83.48,96.882,71.696,55.971,29.509,25.008,59.318,35.545,97.554,104.496,83.18,35.125,24.481,26.849,64.831,91.273,111.19,56.136,86.282,24.677,34.677,59.513,60.649,99.851,33.704,29.692,22.055,141.227, 
La Pursima de Hidalgo,42.705,19.245,88.642,9.944,11.151,116.027,78.945,98.668,75.367,13.686,0,57.11,53.103,25.342,11.681,43.488,25.267,25.963,68.736,108.342,37.576,27.736,64.933,57.364,48.554,32.866,19.244,26.27,19.331,6.585,20.117,7.744,31.067,57.813,57.787,71.629,50.446,82.813,38.704,69.687,51.948,32.225,14.935,11.316,36.223,63.06,30.073,38.865,59.991,44.016,20.77,9.023,19.147,27.366,12.976,66.508,75.693,50.679,64.223,33.344,14.286,17.682,42.039,39.658,45.116,3.434,47.502,53.418,36.139,26.647,13.568,18.722,46.406,72.467,30.732,16.088,58.248,92.496,46.464,26.9,36.269,20.623,64.995,41.222,83.29,90.232,60.142,23.264,12.62,11.639,70.508,77.009,96.926,51.75,101.695,18.733,22.816,45.249,56.263,74.619,19.987,25.307,10.194,156.64, 
San Cristbal Tepeteopan,85.196,58.138,131.132,44.393,57.174,84.198,94.41,93.623,84.133,51.433,57.11,0,4.293,68.316,62.16,86.461,59.033,68.089,110.862,150.468,24.566,69.862,74.277,99.49,8.234,63.042,53.01,68.396,62.305,53.098,69.121,65.862,74.041,40.686,98.56,30.021,57.478,125.787,81.677,72.65,46.123,30.941,72.05,68.431,79.196,105.186,63.839,60.997,47.498,56.12,61.784,56.325,37.083,78.309,63.545,109.482,27.317,92.805,5.663,64.123,36.615,74.796,85.012,82.631,87.242,57.965,20.394,95.544,78.265,36.306,56.541,60.848,88.532,98.502,73.706,41.286,67.592,135.47,53.496,68.284,22.19,63.596,10.309,20.219,125.416,132.358,102.268,57.03,51.072,53.766,15.822,119.135,139.052,94.724,90.602,60.859,56.582,87.375,99.237,83.963,62.113,68.28,46.923,127.341, 
Tepanco de Lpez,81.189,54.131,127.125,40.386,53.167,92.68,96.601,102.105,86.324,47.426,53.103,4.293,0,64.2,58.044,82.345,54.917,63.972,106.745,146.351,20.45,65.745,76.39,95.373,4.118,65.155,48.894,64.279,58.189,48.982,65.005,61.746,69.925,42.799,95.796,32.134,59.591,121.671,77.561,68.533,48.236,26.825,67.934,64.315,75.08,101.069,59.723,63.11,38.574,52.003,57.668,52.208,32.967,74.193,59.429,105.366,29.43,88.688,11.649,60.007,32.499,70.68,80.896,78.515,83.125,53.849,16.277,91.427,74.148,32.189,52.425,56.731,84.415,100.615,69.59,37.17,69.705,131.354,55.609,56.55,18.074,59.48,12.422,16.103,121.299,128.241,98.151,52.914,46.956,49.649,17.935,115.018,134.935,90.608,99.006,56.742,52.466,83.258,95.121,86.076,57.996,64.164,42.807,135.745, 
Santiago Acozac,30.522,18.427,73.567,29.452,24.06,126.266,63.87,108.907,62.455,29.728,25.342,68.316,64.2,0,10.473,26.714,28.912,9.333,54.208,93.815,42.835,13.209,62.31,42.837,53.813,39.515,22.613,11.743,8.64,13.627,15.456,14.175,8.907,55.19,43.26,69.006,47.823,66.416,28.442,77.56,57.193,37.484,19.726,16.107,25.961,65.862,22.687,36.242,67.864,51.889,12.587,11.341,37.124,24.644,12.663,50.111,73.07,36.152,88.646,18.817,31.421,22.844,32.879,29.396,30.589,18.48,52.761,58.278,21.612,31.907,6.235,2.439,30.642,57.94,20.471,21.348,55.625,76.099,43.841,28.116,41.528,9.931,90.618,46.481,68.762,75.705,62.397,21.078,10.92,8.693,87.788,62.481,82.398,35.353,109.568,1.565,23.043,30.722,39.866,71.996,4.913,14.615,15.454,164.513, 
San Miguel Zacaola,31.682,24.314,87.865,23.296,9.016,111.223,78.169,93.864,76.754,14.684,11.681,62.16,58.044,10.473,0,33.429,30.538,22.745,68.556,108.162,42.846,27.556,75.721,57.184,53.824,38.137,24.515,26.09,5.951,13.638,9.805,3.943,21.009,68.601,57.607,82.417,61.234,72.755,28.645,67.328,70.604,37.495,10.13,6.511,26.164,72.201,35.344,49.653,57.632,41.657,26.934,4.233,28.808,25.277,1.936,56.45,86.481,50.499,69.493,33.164,31.432,12.877,31.98,29.599,44.936,8.247,52.772,64.617,35.959,31.918,6.148,11.443,44.054,72.287,20.674,21.359,69.036,82.438,57.252,41.527,41.539,10.564,70.265,46.492,83.11,90.052,68.736,28.535,17.988,12.405,75.778,76.829,96.746,41.692,99.336,10.233,28.087,45.069,46.205,85.407,19.26,15.248,15.465,154.281, 
Tlacamilco,3.284,40.661,93.046,47.598,42.205,144.411,86.104,127.052,84.69,47.873,43.488,86.461,82.345,26.714,33.429,0,49.416,15.146,72.849,112.618,67.629,34.662,82.814,64.29,78.607,60.019,43.117,33.196,26.916,38.42,22.741,37.351,14.824,75.694,64.713,89.51,68.327,36.849,7.68,100.736,77.697,62.278,33.881,34.383,8.857,36.296,48.391,56.746,91.04,75.065,34.04,34.731,61.918,31.386,30.938,20.544,93.574,57.605,94.276,40.27,56.214,41.12,10.657,4.018,49.666,41.656,77.555,28.712,28.653,56.7,30.93,27.532,33.905,79.393,14.53,46.141,76.129,43.315,64.345,48.62,66.322,24.382,95.048,71.275,59.961,94.508,32.83,41.582,35.324,33.097,108.292,53.069,69.135,9.927,132.744,28.772,43.547,52.175,10.299,92.5,20.882,18.661,40.247,187.689, 
Jess Nazareno,54.667,16.889,98.742,20.169,39.314,147.59,59.813,124.161,49.536,37.128,25.267,59.033,54.917,28.912,30.538,49.416,0,33.78,79.59,119.196,39.867,17.144,39.443,68.218,50.845,9.217,6.023,20.315,30.798,21.592,37.614,34.355,34.886,32.323,63.726,46.139,24.956,90.791,52.817,97.74,28.299,34.516,40.543,36.924,50.336,90.237,17.679,10.488,88.044,72.069,15.624,24.818,36.261,46.802,32.038,74.486,50.203,61.533,65.779,17.963,28.453,43.289,57.254,53.771,55.97,26.459,49.793,82.653,46.993,28.938,25.034,31.46,55.089,63.668,44.846,18.379,32.758,100.475,15.118,2.081,38.56,32.089,67.751,43.513,94.144,101.086,86.772,9.818,14.958,22.259,64.921,87.863,107.78,59.728,153.136,32.7,3.577,56.103,64.241,49.129,30.294,36.773,15.416,178.648, 
Nicols Bravo,17.676,21.375,76.515,29.225,31.521,133.727,66.819,116.368,65.404,37.189,25.963,68.089,63.972,9.333,22.745,15.146,33.78,0,57.155,96.762,48.733,16.156,66.519,45.784,59.711,43.724,26.822,14.689,15.738,19.525,22.554,25.947,5.86,59.399,46.207,73.215,52.032,35.828,25.675,89.332,61.402,43.382,26.824,23.205,23.194,32.897,25.634,40.451,79.636,63.661,15.534,23.327,43.022,31.742,19.761,53.577,77.279,39.099,92.855,21.764,37.319,29.942,36.345,18.717,33.536,30.252,58.659,29.72,15.45,37.805,19.526,9.026,22.708,60.887,17.704,27.246,59.834,38.069,48.05,32.325,47.426,17.029,94.827,52.379,56.562,78.652,29.485,25.287,16.818,14.591,91.997,49.67,70.198,38.819,121.34,10.266,27.252,33.669,43.332,76.205,6.47,14.583,21.352,176.285, 
Emilio Portes Gil,69.906,49.84,21.441,71.998,77.332,179.538,45.307,162.179,58.639,83,68.736,110.862,106.745,54.208,68.556,72.849,79.59,57.155,0,52.124,91.657,44.306,77.638,23.748,102.635,89.404,72.502,42.644,61.417,62.449,68.233,71.626,58.808,105.079,32.942,118.895,97.712,46.464,75.328,135.011,107.082,86.306,72.503,68.884,75.107,36.712,48.121,86.131,125.315,109.34,47.168,63.751,85.946,77.421,65.44,56.277,122.959,31.754,118.304,42.84,80.243,75.621,72.981,70.613,33.739,69.905,101.583,45.098,40.299,80.729,63.968,51.765,45.497,38.851,69.617,70.17,73.13,34.163,93.73,78.005,90.35,62.708,119.076,95.303,26.975,34.014,41.354,52.819,55.351,57.515,137.677,20.694,40.611,84.499,167.019,53.005,59.401,24.782,63.498,54.168,49.901,69.026,64.276,221.964, 
Francisco I. Madero,109.675,89.447,45.92,111.604,116.938,219.144,47.824,201.785,61.707,122.606,108.342,150.468,146.351,93.815,108.162,112.618,119.196,96.762,52.124,0,131.873,84.522,82.273,63.964,142.851,129.62,112.718,82.86,101.634,102.665,108.45,111.843,99.024,106.035,57.248,104.468,78.289,86.68,115.544,175.228,91.461,126.522,112.72,109.101,115.323,76.928,88.337,126.347,165.532,149.557,87.384,103.967,126.162,117.638,105.657,96.493,108.532,71.97,139.491,83.056,120.459,115.838,113.197,110.829,73.955,110.121,141.799,85.314,80.515,120.945,104.184,91.981,85.713,42.151,109.833,110.386,77.765,74.379,86.391,118.221,130.566,102.925,141.463,135.519,67.191,18.857,81.57,93.035,95.567,97.731,119.02,60.91,80.827,124.715,207.236,93.221,99.617,64.999,103.714,58.029,90.117,109.242,104.492,262.181, 
Santo Nombre,65.662,38.604,111.598,24.859,33.211,88.113,101.901,98.408,106.597,27.47,37.576,24.566,20.45,42.835,42.846,67.629,39.867,48.733,91.657,131.873,0,50.649,79.487,80.277,16.308,47.419,33.798,49.183,43.093,33.886,49.909,46.65,54.829,63.127,80.7,52.461,65,106.575,62.465,74.752,68.564,11.729,40.856,49.219,59.984,85.973,44.627,53.419,36.227,49.081,42.572,37.112,13.417,59.097,44.333,90.27,49.757,73.592,31.976,44.911,17.403,38.032,65.8,63.419,68.029,38.753,8.541,76.331,59.052,17.093,37.329,41.635,69.319,95.38,54.494,22.074,72.802,116.258,61.018,41.454,2.558,44.384,32.749,8.976,106.203,113.145,83.055,37.818,31.86,34.553,38.262,99.922,119.839,75.512,94.431,41.646,37.37,68.162,80.025,89.173,42.9,49.068,27.711,131.17, 
San Pablo de las Tunas,39.913,4.259,64.247,30.998,36.332,138.538,54.55,121.179,53.136,42,27.736,69.862,65.745,13.209,27.556,34.662,17.144,16.156,44.306,84.522,50.649,0,53.831,32.851,53.908,28.485,14.956,1.985,21.195,22.227,28.011,31.404,18.586,46.711,33.274,60.527,39.344,42.358,37.366,94.789,48.714,37.579,32.281,28.662,34.885,38.547,10.371,27.764,85.093,69.118,3.477,23.529,39.324,37.199,25.218,59.035,64.591,26.166,80.167,4.366,31.516,35.399,41.803,38.32,20.603,29.683,52.856,36.826,11.626,32.001,23.746,11.543,36.795,47.954,29.395,21.442,47.146,44.65,35.362,19.637,41.623,22.486,82.139,46.576,58.777,65.719,35.629,7.326,9.737,17.293,79.309,52.496,72.413,44.277,126.797,12.783,13.908,20.736,48.79,48.58,9.679,28.804,18.479,181.742, 
Atzitzintla,88.065,53.576,97.578,59.835,84.497,152.787,34.749,162.212,24.472,90.165,64.933,74.277,76.39,62.31,75.721,82.814,39.443,66.519,77.638,82.273,79.487,53.831,0,48.986,81.249,35.71,44.669,70.68,70.244,62.688,77.06,75.451,68.442,39.218,39.739,37.651,19.018,124.347,86.372,138.836,24.644,75.612,81.33,77.711,83.891,74.109,58.263,32.437,116.928,113.165,56.208,65.914,77.357,86.248,74.267,108.042,41.715,46.781,72.674,58.547,69.549,84.385,90.81,87.326,62.16,67.555,93.408,116.209,80.549,70.034,66.13,65.016,88.645,39.681,78.401,59.475,8.805,134.03,25.357,39.724,95.205,71.535,74.646,93.233,92.785,62.084,77.186,51.454,54.477,63.355,52.203,86.504,106.421,93.284,160.031,66.256,42.029,52.657,97.797,25.142,63.85,77.81,56.512,185.543, 
San Nicols Buenos Aires,69.541,38.469,43.689,60.626,65.96,168.166,21.773,150.807,29.394,71.628,57.364,99.49,95.373,42.837,57.184,64.29,68.218,45.784,23.748,63.964,80.277,32.851,48.986,0,91.891,78.66,61.758,31.9,50.674,51.705,57.49,60.883,48.064,94.335,9.496,71.21,46.376,58.362,66.844,124.268,58.203,75.562,61.76,58.141,64.363,34.944,37.378,75.387,114.572,98.597,36.424,53.007,75.202,66.678,54.697,68.175,75.274,13.391,107.56,32.097,69.499,64.878,71.281,67.798,22.995,59.161,90.839,39.218,29.555,69.985,53.224,41.021,37.835,15.859,58.873,59.426,44.507,46.061,82.986,67.261,79.606,51.965,108.332,84.559,38.873,45.816,38.021,42.075,44.607,46.771,126.933,32.592,52.509,73.755,156.276,42.261,48.657,14.039,78.268,25.545,39.157,58.282,53.532,211.221, 
San Andrs Cacaloapan,76.64,49.582,122.576,35.837,48.618,96.621,100.542,106.046,90.265,42.877,48.554,8.234,4.118,53.813,53.824,78.607,50.845,59.711,102.635,142.851,16.308,53.908,81.249,91.891,0,58.397,44.776,60.161,54.07,44.864,60.887,57.628,65.806,46.819,91.678,36.153,63.611,117.552,73.443,63.544,52.256,22.706,63.816,60.197,70.962,96.951,55.605,67.13,33.585,47.014,53.55,48.09,28.849,70.074,55.311,101.247,33.449,84.57,15.669,55.889,28.381,66.562,76.778,74.397,79.007,49.731,12.159,87.309,70.03,28.071,48.307,52.613,80.297,104.635,65.472,33.052,73.725,127.235,59.629,52.432,13.956,55.362,16.441,11.984,117.181,124.123,94.033,48.796,42.837,45.531,21.954,110.9,130.817,86.489,103.026,52.624,48.348,79.14,91.002,90.096,53.878,60.046,38.689,139.765, 
La Pursima,65.27,28.23,109.345,27.767,46.913,141.552,43.664,131.76,38.372,44.727,32.866,63.042,65.155,39.515,38.137,60.019,9.217,43.724,89.404,129.62,47.419,28.485,35.71,78.66,58.397,0,13.606,31.63,38.38,29.174,45.196,41.937,41.816,22.554,58.818,35.207,15.963,97.721,59.747,105.322,21.908,42.099,48.125,44.506,57.266,97.167,28.994,4.097,95.626,79.651,26.939,32.4,43.843,54.384,39.62,81.416,39.271,59.988,60.871,29.278,36.036,50.871,64.184,60.701,54.424,34.041,57.376,89.583,45.447,36.521,32.616,38.39,62.019,58.76,51.776,25.962,27.85,107.405,8.727,7.532,46.143,39.671,62.843,51.096,92.598,81.163,93.702,21.133,22.54,29.841,60.013,86.317,106.234,66.658,148.228,39.63,13.27,54.558,71.171,44.221,37.224,44.355,22.998,173.74, 
San Jos Tuzuapan,48.368,13.085,92.443,14.146,33.291,141.396,54.46,118.138,49.168,31.105,19.244,53.01,48.894,22.613,24.515,43.117,6.023,26.822,72.502,112.718,33.798,14.956,44.669,61.758,44.776,13.606,0,19.335,24.774,15.568,31.59,28.331,27.905,37.97,54.801,51.786,30.603,83.81,45.836,91.716,32.705,28.493,34.519,30.9,43.355,83.256,16.699,14.893,82.02,66.045,14.644,18.794,30.237,40.778,26.014,67.505,55.85,47.693,71.426,16.983,22.43,37.265,50.273,46.79,42.129,20.435,43.77,75.672,33.152,22.915,19.01,24.479,48.108,69.481,37.865,12.356,38.405,93.493,19.524,7.656,32.537,26.065,73.398,37.49,80.303,87.246,79.791,9.108,8.935,16.235,70.568,74.022,93.939,52.747,123.724,25.719,3.573,42.263,57.26,54.776,23.313,30.749,9.392,184.295, 
San Antonio Portezuelo,38.447,7.374,62.585,29.532,34.866,137.072,52.888,119.713,51.474,40.534,26.27,68.396,64.279,11.743,26.09,33.196,20.315,14.689,42.644,82.86,49.183,1.985,70.68,31.9,60.161,31.63,19.335,0,19.531,20.563,26.347,29.74,16.922,63.193,32.072,77.009,55.826,41.155,35.702,93.125,65.196,44.42,30.617,26.998,33.221,37.344,12.91,44.245,83.429,67.454,4.845,21.865,44.06,35.535,23.554,57.371,81.073,24.964,76.418,7.629,38.357,33.735,40.139,36.656,19.4,28.019,59.697,35.623,10.423,38.843,22.082,9.879,34.24,46.752,27.731,28.284,63.628,43.447,51.844,36.119,48.464,20.822,77.19,53.417,57.574,64.516,34.426,10.496,11.106,15.629,95.791,51.293,71.21,42.613,125.133,11.119,17.078,19.534,47.126,47.378,8.015,27.14,22.39,180.078, 
San Nicols Zoyapetlayoca,24.949,26.218,81.358,23.441,15.683,117.89,71.662,100.531,70.247,21.352,19.331,62.305,58.189,8.64,5.951,26.916,30.798,15.738,61.417,101.634,43.093,21.195,70.244,50.674,54.07,38.38,24.774,19.531,0,13.795,9.128,9.94,14.336,61.928,50.933,75.744,54.561,65.793,21.684,74.282,63.931,37.653,11.895,8.276,19.203,65.239,30.36,42.98,64.586,48.611,20.26,10.106,37.293,18.315,4.832,49.488,79.808,43.825,69.651,26.49,31.59,15.013,25.019,22.638,38.262,15.202,52.93,57.655,29.285,32.075,6.305,11.005,37.38,65.613,13.712,21.516,62.363,75.476,50.579,34.854,41.697,3.603,70.423,46.65,76.436,83.378,61.774,27.816,18.146,12.563,75.936,70.155,90.072,34.73,106.29,9.795,28.244,38.395,39.243,78.734,12.586,8.287,15.622,161.235, 
Santa Rosa,36.453,17.176,82.39,14.235,15.559,117.936,72.693,100.577,71.704,18.446,6.585,53.098,48.982,13.627,13.638,38.42,21.592,19.525,62.449,102.665,33.886,22.227,62.688,51.705,44.864,29.174,15.568,20.563,13.795,0,19.896,12.099,24.815,54.062,51.534,67.878,46.695,76.561,32.452,74.042,48.197,28.474,19.29,15.671,29.971,56.807,26.322,35.114,64.346,48.371,20.861,4.037,24.341,29.083,14.319,60.256,71.942,44.426,60.472,27.091,22.41,22.037,35.787,33.406,38.863,7.789,43.751,47.165,29.886,22.896,7.316,12.469,40.153,66.214,24.48,12.337,54.497,86.244,42.713,23.149,32.518,14.371,61.244,37.471,77.037,83.979,53.889,19.513,8.966,5.386,66.757,70.756,90.673,45.498,106.05,12.48,19.065,38.996,50.011,70.868,13.734,19.055,6.443,160.995, 
San Pablo Actipan,20.774,33.034,88.174,30.257,17.451,119.658,78.478,102.299,77.063,23.12,20.117,69.121,65.005,15.456,9.805,22.741,37.614,22.554,68.233,108.45,49.909,28.011,77.06,57.49,60.887,45.196,31.59,26.347,9.128,19.896,0,12.876,11.246,68.815,57.82,82.631,61.448,61.909,17.8,75.764,70.818,44.54,11.316,8.921,15.319,61.355,37.247,49.867,66.068,50.093,27.147,16.993,37.245,13.84,8.076,45.604,86.695,50.712,76.538,33.377,38.477,15.74,21.135,18.754,45.149,16.684,59.817,53.771,36.172,38.962,13.192,17.892,44.267,72.5,9.828,28.403,69.25,71.592,57.466,41.741,48.584,6.644,77.31,53.537,85.02,90.265,57.89,34.703,25.033,19.449,82.823,78.128,97.412,30.846,107.772,16.682,35.131,45.282,35.359,85.621,19.473,4.403,22.509,162.717, 
San Lorenzo Ometepec,35.384,28.016,91.567,15.843,6.578,108.785,81.871,91.426,80.456,12.247,7.744,65.862,61.746,14.175,3.943,37.351,34.355,25.947,71.626,111.843,46.65,31.404,75.451,60.883,57.628,41.937,28.331,29.74,9.94,12.099,12.876,0,24.712,72.304,61.31,86.12,64.937,76.458,32.348,64.887,74.307,37.739,7.693,4.074,29.867,75.904,35.587,53.356,55.191,39.216,30.637,7.357,26.368,20.124,5.237,60.153,90.184,54.202,69.737,36.867,31.676,10.436,35.683,33.302,48.639,4.311,53.016,68.32,39.662,32.161,9.851,15.146,47.757,75.99,24.377,21.602,72.739,86.141,60.955,45.23,41.783,14.267,70.509,46.736,86.813,93.755,72.439,28.778,18.134,16.108,76.022,80.532,100.449,45.395,96.895,13.936,28.33,48.772,49.908,89.11,22.963,18.951,15.708,151.84, 
Benito Jurez,17.354,23.609,78.749,35.177,29.785,131.991,69.052,114.632,67.637,35.453,31.067,74.041,69.925,8.907,21.009,14.824,34.886,5.86,58.808,99.024,54.829,18.586,68.442,48.064,65.806,41.816,27.905,16.922,14.336,24.815,11.246,24.712,0,60.505,48.561,74.321,53.138,38.941,20.007,88.075,62.508,49.617,25.567,21.948,17.526,36.01,27.987,41.557,78.379,62.404,17.887,22.07,49.257,19.721,18.504,44.395,78.385,41.453,93.961,24.118,43.554,28.685,27.163,13.049,35.889,28.995,64.894,32.833,20.36,44.039,18.269,11.38,25.821,63.241,12.036,33.48,60.94,70.383,49.156,33.431,53.661,9.071,95.933,58.614,59.675,81.005,32.598,26.393,19.172,16.945,93.103,52.783,96.203,29.637,120.083,12.62,28.358,36.023,34.15,77.311,8.954,7.427,27.586,175.028, 
San Jos Ixtapa,80.945,46.456,125.02,52.715,77.377,119.196,58.511,128.621,48.234,83.045,57.813,40.686,42.799,55.19,68.601,75.694,32.323,59.399,105.079,106.035,63.127,46.711,39.218,94.335,46.819,22.554,37.97,63.193,61.928,54.062,68.815,72.304,60.505,0,62.064,13.784,20.982,116.411,78.436,130.9,5.405,67.676,73.394,69.775,75.955,115.857,50.327,24.501,108.316,105.229,48.272,57.978,69.421,78.312,66.331,100.106,17.848,69.106,64.062,50.611,61.613,76.449,82.874,79.39,81.59,59.619,84.796,108.273,72.613,62.098,58.194,57.08,80.709,62.006,70.465,51.539,31.096,126.094,17,31.788,38.438,63.599,33.23,40.286,119.764,84.409,112.392,43.518,46.541,55.419,28.336,113.483,133.4,85.348,151.419,58.32,34.093,81.723,89.861,47.467,55.914,69.874,48.576,176.931, 
Aljojuca,69.964,38.892,52.883,61.049,66.383,177.07,13.652,151.23,20.147,72.051,57.787,98.56,95.796,43.26,57.607,64.713,63.726,46.207,32.942,57.248,80.7,33.274,39.739,9.496,91.678,58.818,54.801,32.072,50.933,51.534,57.82,61.31,48.561,62.064,0,62.814,37.98,45.065,67.16,124.583,49.807,75.877,62.075,58.456,64.679,35.259,37.693,45.682,114.887,98.912,36.74,53.322,75.517,66.993,55.012,54.878,66.878,7.931,97.837,32.412,69.814,65.193,71.597,68.114,23.31,59.476,91.154,39.533,29.87,70.3,53.539,41.336,38.15,13.9,59.189,59.741,36.111,55.226,45.511,67.577,79.921,52.28,99.809,84.874,48.038,38.076,38.336,42.391,44.922,47.086,77.366,41.757,61.674,74.071,156.591,42.576,48.973,13.807,78.584,17.149,39.472,58.598,53.847,210.706, 
Azumbilla,94.761,60.272,138.836,66.531,91.193,114.977,56.944,124.402,46.667,79.03,71.629,30.021,32.134,69.006,82.417,89.51,46.139,73.215,118.895,104.468,52.461,60.527,37.651,71.21,36.153,35.207,51.786,77.009,75.744,67.878,82.631,86.12,74.321,13.784,62.814,0,28.868,132.98,95.005,100.505,13.311,58.797,80.339,76.72,92.524,132.426,66.896,31.568,77.962,83.975,64.841,64.614,64.939,86.598,71.834,116.675,4.317,68.792,33.708,67.18,64.471,83.085,99.443,95.959,98.159,66.255,48.249,124.842,89.182,64.161,64.83,73.649,97.278,61.692,87.034,69.142,29.481,142.663,27.327,39.745,50.046,71.885,19.7,48.074,136.333,84.095,128.961,60.087,54.754,62.055,14.806,130.052,149.969,101.917,121.065,74.889,45.484,74.668,106.43,47.153,72.483,86.443,55.212,142.244, 
Cuesta Blanca,73.578,39.089,117.653,45.348,70.01,135.988,30.765,145.413,21.833,75.678,50.446,57.478,59.591,47.823,61.234,68.327,24.956,52.032,97.712,78.289,65,39.344,19.018,46.376,63.611,15.963,30.603,55.826,54.561,46.695,61.448,64.937,53.138,20.982,37.98,28.868,0,109.759,71.784,118.476,15.98,39.833,66.742,63.123,69.303,109.205,43.675,12.508,98.503,92.805,41.62,45.554,56.997,71.66,59.679,93.454,33.051,45.494,54.249,43.959,49.189,64.025,76.222,72.738,74.938,47.195,74.983,101.621,65.961,49.674,45.77,50.428,74.057,39.776,63.813,39.115,11.032,119.442,6.417,20.685,36.785,56.947,56.221,38.633,113.112,62.179,105.74,36.866,35.694,42.995,53.391,106.831,126.748,78.696,141.606,51.668,26.424,51.37,83.209,22.654,49.262,63.222,36.152,167.118, 
Mximo Serdn,33.906,47.975,66.405,86.923,81.531,183.737,79.35,166.378,64.323,87.199,82.813,125.787,121.671,66.416,72.755,36.849,90.791,35.828,46.464,86.68,106.575,42.358,124.347,58.362,117.552,97.721,83.81,41.155,65.793,76.561,61.909,76.458,38.941,116.411,45.065,132.98,109.759,0,39.37,135.611,119.03,97.153,68.756,69.258,39.074,9.952,46.611,98.079,125.915,109.94,45.658,69.606,96.793,66.261,65.813,20.319,134.907,40.361,150.483,41.33,91.09,75.995,37.023,34.655,23.323,76.531,112.43,9.139,38.789,91.576,65.806,50.255,11.943,73.475,49.405,81.017,117.462,12.99,105.678,89.953,101.197,59.258,152.455,106.15,33.617,68.164,6.487,51.309,53.841,74.43,149.625,25.884,39.387,42.656,230.558,51.495,84.879,34.931,27.54,62.775,45.055,53.537,75.123,222.564, 
Santa Mara Nenetzintla,4.737,42.389,95.269,42.814,37.421,139.627,87.832,122.268,86.418,43.089,38.704,81.677,77.561,28.442,28.645,7.68,52.817,25.675,75.328,115.544,62.465,37.366,86.372,66.844,73.443,59.747,45.836,35.702,21.684,32.452,17.8,32.348,20.007,78.436,67.16,95.005,71.784,39.37,0,95.622,79.801,57.164,28.767,29.269,3.743,35.866,50.495,58.85,85.926,69.951,36.144,29.617,56.804,26.272,25.824,20.114,95.678,59.709,89.162,42.374,51.1,36.006,12.416,4.728,49.236,36.542,72.441,28.282,45.169,51.586,25.816,29.636,33.475,81.497,9.416,41.027,78.233,42.885,66.449,50.724,61.208,19.268,89.934,66.161,59.531,94.078,32.4,43.686,37.428,32.073,110.396,52.639,68.705,4.048,127.63,30.876,45.651,54.279,9.869,94.604,28.47,13.547,35.133,182.575, 
Santa Ins Ahuatempan,98.769,91.401,154.952,79.824,58.528,57.762,145.256,26.631,143.841,54.274,69.687,72.65,68.533,77.56,67.328,100.736,97.74,89.332,135.011,175.228,74.752,94.789,138.836,124.268,63.544,105.322,91.716,93.125,74.282,74.042,75.764,64.887,88.075,130.9,124.583,100.505,118.476,135.611,95.622,0,115.694,82.701,66.174,66.963,93.252,139.289,102.432,116.741,34.235,27.402,94.022,70.743,58.671,77.883,68.623,123.538,96.887,117.587,83.348,100.252,75.78,63.35,99.068,96.687,112.024,68.699,58.808,131.705,103.047,88.065,73.236,78.531,111.142,139.375,87.762,88.447,136.124,149.526,124.34,108.615,73.912,77.652,79.879,79.948,150.198,157.14,135.824,95.623,85.076,79.493,85.392,143.917,163.834,108.78,32.465,77.321,95.175,112.157,113.293,152.495,86.348,82.336,82.553,98.008, 
Morelos Caada,82.948,48.459,127.023,46.85,79.38,124.633,43.937,134.058,33.66,85.048,51.948,46.123,48.236,57.193,70.604,77.697,28.299,61.402,107.082,91.461,68.564,48.714,24.644,58.203,52.256,21.908,32.705,65.196,63.931,48.197,70.818,74.307,62.508,5.405,49.807,13.311,15.98,119.03,79.801,115.694,0,45.778,67.224,63.605,75.111,115.013,49.483,18.453,91.204,98.75,47.428,51.499,62.942,73.483,58.719,99.262,17.559,56.925,46.95,49.767,55.134,69.97,82.03,78.546,80.746,53.14,61.49,107.429,71.769,55.619,51.715,56.236,79.865,49.825,69.621,45.06,17.615,125.25,14.212,26.63,42.73,58.77,32.941,44.578,118.92,72.228,111.548,40.232,41.639,48.94,28.047,112.639,132.556,84.504,134.307,57.476,32.369,62.801,89.017,35.286,55.07,63.454,42.097,155.486, 
San Miguel Zozutla,60.311,33.253,106.247,19.508,46.271,119.327,96.55,109.236,84.628,38.298,32.225,30.941,26.825,37.484,37.495,62.278,34.516,43.382,86.306,126.522,11.729,37.579,75.612,75.562,22.706,42.099,28.493,44.42,37.653,28.474,44.54,37.739,49.617,67.676,75.877,58.797,39.833,97.153,57.164,82.701,45.778,0,45.494,41.875,52.641,78.63,37.284,46.076,55.748,59.908,35.229,29.769,24.245,51.753,36.989,82.926,56.155,66.249,38.374,37.568,10.06,48.24,58.457,56.076,60.686,31.41,21.654,68.988,51.709,5.109,29.985,34.292,61.976,88.037,47.15,14.731,65.459,108.914,53.675,34.111,10.421,37.041,39.147,12.45,98.86,105.802,75.712,30.475,24.516,27.21,44.66,92.579,112.496,68.168,125.731,34.303,30.027,60.819,72.681,81.83,35.557,41.725,20.368,162.47, 
Ahuatepec,31.914,37.304,92.444,33.186,8.143,110.068,82.748,92.709,81.333,13.53,14.935,72.05,67.934,19.726,10.13,33.881,40.543,26.824,72.503,112.72,40.856,32.281,81.33,61.76,63.816,48.125,34.519,30.617,11.895,19.29,11.316,7.693,25.567,73.394,62.075,80.339,66.742,68.756,28.767,66.174,67.224,45.494,0,3.6,26.458,72.494,41.552,54.172,56.476,40.502,31.452,13.546,27.653,12.341,8.081,56.743,91,55.017,79.204,37.682,41.142,4.504,32.274,29.893,49.454,11.502,48.158,64.91,40.477,41.628,15.858,22.197,48.572,76.805,20.967,31.069,73.555,82.731,61.771,46.046,51.25,14.795,79.976,56.203,87.628,94.57,69.029,39.008,27.698,22.115,85.489,81.347,101.264,41.985,98.18,20.987,37.797,49.587,46.498,89.926,23.778,15.542,25.175,153.125, 
Tlanepantla,32.416,33.685,88.825,29.567,8.65,110.857,79.129,93.498,77.714,14.319,11.316,68.431,64.315,16.107,6.511,34.383,36.924,23.205,68.884,109.101,49.219,28.662,77.711,58.141,60.197,44.506,30.9,26.998,8.276,15.671,8.921,4.074,21.948,69.775,58.456,76.72,63.123,69.258,29.269,66.963,63.605,41.875,3.6,0,26.775,72.811,37.932,50.552,57.266,41.291,27.832,9.926,28.443,16.031,4.461,57.06,87.38,51.397,75.584,34.062,37.522,6.737,32.591,30.21,45.834,7.883,58.863,65.227,36.857,38.008,12.238,18.577,44.952,73.185,21.284,27.449,69.935,83.048,58.151,42.426,47.63,11.175,76.356,52.583,84.008,90.95,69.346,35.388,24.078,18.495,81.869,77.727,97.644,42.302,98.97,17.367,34.177,45.967,46.815,86.306,20.158,15.859,21.555,153.915, 
San Jernimo Ocotitln,6.89,39.908,95.048,40.333,34.94,137.146,85.351,119.787,83.937,40.608,36.223,79.196,75.08,25.961,26.164,8.857,50.336,23.194,75.107,115.323,59.984,34.885,83.891,64.363,70.962,57.266,43.355,33.221,19.203,29.971,15.319,29.867,17.526,75.955,64.679,92.524,69.303,39.074,3.743,93.252,75.111,52.641,26.458,26.775,0,38.565,48.014,56.369,83.445,67.47,33.663,27.136,54.323,23.791,23.343,22.813,93.197,57.228,86.681,39.893,48.619,33.525,8.702,4.697,51.665,34.061,69.96,30.981,42.688,49.105,23.335,27.155,36.174,79.016,6.935,38.546,75.752,58.913,63.968,48.243,58.727,16.787,87.453,63.68,62.23,96.781,35.099,41.205,34.947,29.592,107.915,55.338,84.733,7.129,125.149,28.395,43.17,51.798,12.568,92.123,25.989,11.066,32.652,180.094, 
San Jos Chiapa,33.353,44.164,56.653,66.322,80.977,183.183,55.783,165.824,54.517,86.645,63.06,105.186,101.069,65.862,72.201,36.296,90.237,32.897,36.712,76.928,85.973,38.547,74.109,34.944,96.951,97.167,83.256,37.344,65.239,56.807,61.355,75.904,36.01,115.857,35.259,132.426,109.205,9.952,35.866,139.289,115.013,78.63,72.494,72.811,38.565,0,42.663,97.571,125.407,109.432,41.71,69.098,73.516,65.753,65.305,19.811,134.399,29.644,149.975,37.382,67.813,75.487,36.515,34.147,19.375,76.023,89.153,8.631,34.841,68.299,65.298,46.307,8.848,63.713,48.897,57.74,116.954,8.498,105.17,89.445,77.92,58.75,151.947,82.873,23.855,58.402,4.887,47.361,49.893,45.085,149.117,16.963,37.491,42.148,230.05,47.547,53.943,24.214,27.032,52.058,36.963,53.029,51.846,222.056, 
Santiago Tenango,53.642,11.689,68.062,24.975,44.12,152.225,58.366,128.967,56.951,41.934,30.073,63.839,59.723,22.687,35.344,48.391,17.679,25.634,48.121,88.337,44.627,10.371,58.263,37.378,55.605,28.994,16.699,12.91,30.36,26.322,37.247,35.587,27.987,50.327,37.693,66.896,43.675,46.611,50.495,102.432,49.483,37.284,41.552,37.932,48.014,42.663,0,28.301,92.851,76.876,10.424,29.625,41.068,47.889,36.845,69.725,65.128,30.643,80.704,5.28,33.26,48.096,52.493,49.01,25.079,31.266,54.6,41.302,15.522,33.745,29.841,22.232,39.919,52.431,40.085,23.186,47.683,49.126,35.899,20.174,43.367,33.176,82.676,48.32,63.253,70.195,40.105,7.863,18.535,27.066,79.846,56.972,76.889,54.967,134.555,23.472,14.445,25.213,59.48,53.057,20.369,39.494,20.223,193.573, 
Palmar de Bravo,61.997,27.509,106.072,33.767,58.429,139.507,39.038,148.932,34.917,64.097,38.865,60.997,63.11,36.242,49.653,56.746,10.488,40.451,86.131,126.347,53.419,27.764,32.437,75.387,67.13,4.097,14.893,44.245,42.98,35.114,49.867,53.356,41.557,24.501,45.682,31.568,12.508,98.079,58.85,116.741,18.453,46.076,54.172,50.552,56.369,97.571,28.301,0,101.158,80.939,28.989,33.688,45.131,59.029,40.908,80.823,35.816,67.87,56.904,31.328,37.323,52.159,63.591,60.107,62.307,35.329,77.638,88.99,53.33,37.808,33.904,37.797,61.426,54.793,51.182,27.249,23.883,106.811,5.272,8.819,47.43,44.316,58.876,36.871,100.481,77.196,93.109,24.235,23.828,31.129,56.046,94.2,114.117,66.065,144.261,39.037,14.558,62.44,70.578,40.254,36.631,50.591,24.286,169.773, 
San Juan Ixcaquixtla,89.073,81.705,145.256,70.128,48.832,54.245,136.221,63.67,125.944,44.578,59.991,47.498,38.574,67.864,57.632,91.04,88.044,79.636,125.315,165.532,36.227,85.093,116.928,114.572,33.585,95.626,82.02,83.429,64.586,64.346,66.068,55.191,78.379,108.316,114.887,77.962,98.503,125.915,85.926,34.235,91.204,55.748,56.476,57.266,83.445,125.407,92.851,101.158,0,17.705,84.325,61.046,48.974,68.186,58.926,113.841,77.683,107.89,46.361,90.555,53.019,53.653,89.371,86.99,102.327,59.002,28.849,122.008,93.35,52.709,63.539,68.834,101.445,129.678,78.065,57.69,111.512,139.829,97.416,98.918,36.92,67.955,55.427,45.33,140.501,147.443,126.127,85.926,75.379,69.796,60.042,134.22,154.137,99.083,60.409,67.624,85.478,102.46,103.596,127.883,76.651,72.639,72.856,97.148, 
Tepexi de Rodrguez,73.098,65.73,129.281,54.153,32.857,71.296,119.585,53.937,118.17,28.603,44.016,56.12,52.003,51.889,41.657,75.065,72.069,63.661,109.34,149.557,49.081,69.118,113.165,98.597,47.014,79.651,66.045,67.454,48.611,48.371,50.093,39.216,62.404,105.229,98.912,83.975,92.805,109.94,69.951,27.402,98.75,59.908,40.502,41.291,67.47,109.432,76.876,80.939,17.705,0,68.351,45.071,33,52.212,42.952,97.867,95.058,91.916,66.817,74.581,50.109,37.679,73.397,71.016,86.353,43.027,43.008,106.034,77.376,62.394,47.565,52.86,85.471,113.704,62.091,62.776,110.453,123.855,98.669,82.944,48.241,51.981,78.05,54.277,124.527,131.469,110.153,69.952,59.405,53.822,83.563,118.246,138.163,83.109,59.409,51.65,69.504,86.486,87.622,126.824,60.677,56.665,56.882,114.354, 
San Simn de Bravo,39.291,1.589,67.109,22.92,35.71,137.916,57.412,120.557,55.998,41.378,20.77,61.784,57.668,12.587,26.934,34.04,15.624,15.534,47.168,87.384,42.572,3.477,56.208,36.424,53.55,26.939,14.644,4.845,20.26,20.861,27.147,30.637,17.887,48.272,36.74,64.841,41.62,45.658,36.144,94.022,47.428,35.229,31.452,27.832,33.663,41.71,10.424,28.989,84.325,68.351,0,20.068,36.188,39.941,27.96,61.777,63.07,33.373,78.646,7.101,28.38,38.54,44.545,41.062,27.809,26.386,49.72,44.032,18.832,28.865,20.285,14.285,42.649,55.161,32.137,18.306,45.625,51.856,33.841,18.116,38.487,25.228,80.618,43.44,65.983,72.926,42.835,5.805,8.434,13.832,77.788,59.702,79.619,47.019,124.999,15.525,12.387,27.943,51.532,55.787,12.421,31.546,15.343,191.515, 
