LOCALIDADES,San Pedro Atoyac,Alcozauca de Guerrero,Huajintepec,Santo Domingo Armenta,Cochoapa el Grande,San Antonio Tepetlapa,Santo Domingo Tonal,Igualapa,Cuanacaxtitln,Yoloxchitl,San Nicols,Acatepec,Juchitn,Huixtepec,San Martn Peras,Cuautepec,Metlatnoc,Pueblo Hidalgo,San Andrs Huaxpaltepec,Xochistlahuaca,Azoy,San Juan Cacahuatepec,Cochoapa,Tlacoachistlahuaca,Santa Catarina Mechoacn,San Pedro Jicayn,Santa Mara Huazolotitln,Santa Mara Zacatepec,Zacoalpan,San Pedro Amuzgos,San Juan Colorado,Pinotepa de Don Luis,Marquelia,Copala,San Luis Acatln,Santiago Juxtlahuaca,Santiago Jamiltepec,Cuajinicuilapa,Putla Villa de Guerrero,Heroica Ciudad de Tlaxiaco,Ometepec,Santiago Pinotepa Nacional, 
San Pedro Atoyac,0,275.15,60.752,69.723,199.573,40.976,242.336,112.82,142.94,149.554,89.945,118.544,113.101,73.888,227.397,178.163,197.93,198.704,49.21,117.041,127.466,49.419,117.148,111.723,71.918,10.506,52.914,84.097,105.037,61.29,10.876,14.389,134.906,152.635,162.475,188.988,62.669,69.766,132.868,198.938,110.325,31.066, 
Alcozauca de Guerrero,275.15,0,237.552,308.173,74.993,253.628,90.856,190.361,178.66,172.134,277.048,178.546,223.791,189.173,51.343,205.738,65.292,157.138,288.928,164.374,194.269,226.456,171.448,151.481,311.636,275.528,292.632,191.333,164.061,214.28,287.958,281.907,201.907,221.157,167.055,87.101,302.387,266.944,143.315,177.126,178.03,270.784, 
Huajintepec,60.752,237.552,0,95.005,138.931,39.192,204.7,49.641,96.84,103.454,63.138,39.408,67.001,13.246,189.761,132.064,137.288,152.605,74.492,56.399,81.366,11.998,32.852,51.081,97.2,61.092,78.196,46.461,44.395,23.655,73.522,67.471,88.806,106.535,116.376,151.352,87.951,42.96,95.233,161.303,37.31,56.348, 
Santo Domingo Armenta,69.723,308.173,95.005,0,173.401,70.087,271.447,61.956,92.076,98.69,29.964,67.68,62.237,82.78,256.508,127.299,171.758,147.84,63.829,90.869,76.602,78.53,66.284,85.551,86.537,54.181,67.533,113.208,78.865,90.401,66.611,60.56,84.042,101.77,111.611,218.099,77.288,18.902,161.979,228.049,59.461,45.685, 
Cochoapa el Grande,199.573,74.993,138.931,173.401,0,177.703,134.72,126.562,129.131,122.605,164.552,114.747,143.922,125.374,68.367,208.985,9.852,107.609,223.329,100.575,158.287,150.509,107.649,87.682,246.038,213.681,227.034,159.706,100.262,162.166,226.111,220.06,165.727,183.456,117.526,87.063,236.789,154.447,111.688,177.088,114.231,205.186, 
San Antonio Tepetlapa,40.976,253.628,39.192,70.087,177.703,0,220.775,118.325,148.445,155.059,95.45,78.489,118.606,52.327,205.836,183.668,176.369,204.209,54.715,95.48,132.971,27.859,71.933,90.162,77.423,41.315,58.419,62.536,83.476,39.73,53.745,47.694,140.411,158.14,167.98,167.427,68.174,75.271,111.308,177.378,76.391,36.571, 
Santo Domingo Tonal,242.336,90.856,204.7,271.447,134.72,220.775,0,254.727,301.926,250.377,297.307,244.494,272.087,218.332,87.463,337.15,126.136,235.381,256.572,200.287,286.452,194.1,237.938,212.189,279.28,243.172,260.276,158.977,249.481,181.924,255.602,249.551,293.892,311.621,245.298,54.744,270.031,277.128,110.959,166.038,242.396,238.428, 
Igualapa,112.82,190.361,49.641,61.956,126.562,118.325,254.727,0,62.652,69.266,53.443,13.702,32.813,36.31,151.847,97.876,125.288,118.417,112.22,44.399,47.178,61.445,19.814,39.081,134.929,102.572,115.925,95.908,32.395,73.102,115.002,108.951,54.618,72.347,82.188,200.799,125.68,43.338,144.68,210.75,12.991,94.077, 
Cuanacaxtitln,142.94,178.66,96.84,92.076,129.131,148.445,301.926,62.652,0,6.614,83.411,68.378,31.501,83.478,212.933,96.796,138.843,47.224,142.188,91.567,15.623,108.613,66.982,86.249,164.897,132.541,145.893,143.076,79.563,120.27,144.971,138.92,53.539,71.267,12.41,247.967,155.648,73.306,191.848,257.918,60.159,124.045, 
Yoloxchitl,149.554,172.134,103.454,98.69,122.605,155.059,250.377,69.266,6.614,0,90.011,74.978,38.101,90.078,206.408,44.615,132.318,40.699,148.788,98.167,22.223,115.213,73.582,92.849,171.497,139.141,152.493,149.676,86.163,126.87,151.571,145.52,40.113,59.363,5.885,254.567,162.248,79.906,198.448,264.518,66.759,130.645, 
San Nicols,89.945,277.048,63.138,29.964,164.552,95.45,297.307,53.443,83.411,90.011,0,59.896,54.453,74.996,279.687,119.515,163.974,140.056,87.007,83.085,68.818,101.709,58.5,77.767,109.716,77.36,90.712,136.387,71.081,113.58,89.79,83.739,76.258,93.986,103.827,241.278,100.467,18.125,185.158,251.228,51.677,68.864, 
Acatepec,118.544,178.546,39.408,67.68,114.747,78.489,244.494,13.702,68.378,74.978,59.896,0,38.516,26.162,140.018,103.579,113.459,124.12,117.923,32.57,52.881,51.297,7.356,27.252,140.632,108.275,121.628,85.76,20.566,62.954,120.705,114.654,60.321,78.05,87.891,190.651,131.383,49.041,134.532,200.602,9.729,99.78, 
Juchitn,113.101,223.791,67.001,62.237,143.922,118.606,272.087,32.813,31.501,38.101,54.453,38.516,0,53.754,169.291,65.369,142.732,85.91,112.464,61.843,16.029,78.889,37.258,56.525,135.173,102.817,116.169,113.352,49.839,90.546,115.247,109.196,22.112,39.84,49.681,218.243,125.924,43.582,162.124,228.194,30.435,94.321, 
Huixtepec,73.888,189.173,13.246,82.78,125.374,52.327,218.332,36.31,83.478,90.078,74.996,26.162,53.754,0,202.898,118.818,124.042,139.359,87.629,43.153,68.12,25.135,19.606,37.835,110.337,74.229,91.333,59.598,31.149,36.792,86.659,80.608,75.56,93.289,103.13,164.489,101.088,64.28,108.37,174.44,24.064,69.485, 
San Martn Peras,227.397,51.343,189.761,256.508,68.367,205.836,87.463,151.847,212.933,206.408,279.687,140.018,169.291,202.898,0,234.779,59.153,189.748,241.003,126.369,184.081,178.531,133.443,113.476,263.711,227.603,244.707,143.408,126.056,166.355,240.033,233.982,191.521,209.25,199.664,39.176,254.462,261.559,95.39,129.201,140.025,222.859, 
Cuautepec,178.163,205.738,132.064,127.299,208.985,183.668,337.15,97.876,96.796,44.615,119.515,103.579,65.369,118.818,234.779,0,207.687,74.297,177.419,126.798,81.742,143.844,102.213,121.48,200.127,167.771,181.123,178.307,114.794,155.501,180.201,174.15,45.022,26.756,38.914,283.198,190.878,108.537,227.079,293.149,95.39,159.275, 
Metlatnoc,197.93,65.292,137.288,171.758,9.852,176.369,126.136,125.288,138.843,132.318,163.974,113.459,142.732,124.042,59.153,207.687,0,117.156,221.995,99.241,156.953,149.175,106.315,86.348,244.704,212.347,225.7,181.593,98.928,160.832,224.777,218.726,164.393,182.122,127.073,77.361,235.455,153.113,133.575,167.386,112.897,203.852, 
Pueblo Hidalgo,198.704,157.138,152.605,147.84,107.609,204.209,235.381,118.417,47.224,40.699,140.056,124.12,85.91,139.359,189.748,74.297,117.156,0,204.385,153.764,62.829,170.81,129.179,148.446,227.094,194.738,208.09,205.273,141.76,182.467,207.168,201.117,70.467,89.717,35.615,227.166,217.845,135.504,254.045,320.115,122.356,186.242, 
San Andrs Huaxpaltepec,49.21,288.928,74.492,63.829,223.329,54.715,256.572,112.22,142.188,148.788,87.007,117.923,112.464,87.629,241.003,177.419,221.995,204.385,0,140.984,126.718,63.163,116.399,135.666,22.906,38.814,4.52,97.841,128.98,75.034,31.351,45.193,134.158,151.886,161.727,202.732,13.657,69.018,146.612,212.682,109.576,18.783, 
Xochistlahuaca,117.041,164.374,56.399,90.869,100.575,95.48,200.287,44.399,91.567,98.167,83.085,32.57,61.843,43.153,126.369,126.798,99.241,153.764,140.984,0,76.112,68.334,25.474,12.894,163.863,131.506,144.859,52.165,11.761,79.991,143.936,137.885,83.552,101.281,111.122,146.814,154.614,72.272,90.695,156.765,32.056,123.011, 
Azoy,127.466,194.269,81.366,76.602,158.287,132.971,286.452,47.178,15.623,22.223,68.818,52.881,16.029,68.12,184.081,81.742,156.953,62.829,126.718,76.112,0,93.14,51.509,70.776,149.424,117.068,130.42,127.603,64.09,104.797,129.498,123.447,38.067,55.795,28.11,232.494,140.175,57.833,176.375,242.445,44.686,108.572, 
San Juan Cacahuatepec,49.419,226.456,11.998,78.53,150.509,27.859,194.1,61.445,108.613,115.213,101.709,51.297,78.889,25.135,178.531,143.844,149.175,170.81,63.163,68.334,93.14,0,44.762,62.991,85.867,49.76,66.863,35.365,56.305,12.559,62.19,56.139,100.716,118.445,128.286,140.256,76.618,83.715,84.137,150.207,49.22,45.015, 
Cochoapa,117.148,171.448,32.852,66.284,107.649,71.933,237.938,19.814,66.982,73.582,58.5,7.356,37.258,19.606,133.443,102.213,106.315,129.179,116.399,25.474,51.509,44.762,0,20.154,139.305,106.948,120.301,79.205,13.468,56.399,119.378,113.327,58.994,76.723,86.564,184.096,130.056,47.714,127.977,194.047,7.498,98.453, 
Tlacoachistlahuaca,111.723,151.481,51.081,85.551,87.682,90.162,212.189,39.081,86.249,92.849,77.767,27.252,56.525,37.835,113.476,121.48,86.348,148.446,135.666,12.894,70.776,62.991,20.154,0,158.544,126.187,139.54,97.478,12.768,74.672,138.617,132.566,78.233,95.962,105.803,158.722,149.295,66.953,102.603,168.673,26.737,117.692, 
Santa Catarina Mechoacn,71.918,311.636,97.2,86.537,246.038,77.423,279.28,134.929,164.897,171.497,109.716,140.632,135.173,110.337,263.711,200.127,244.704,227.094,22.906,163.863,149.424,85.867,139.305,158.544,0,52.106,17.813,111.133,142.273,88.326,44.267,58.485,147.451,165.179,175.02,216.024,25.622,82.311,159.904,225.974,122.869,32.076, 
San Pedro Jicayn,10.506,275.528,61.092,54.181,213.681,41.315,243.172,102.572,132.541,139.141,77.36,108.275,102.817,74.229,227.603,167.771,212.347,194.738,38.814,131.506,117.068,49.76,106.948,126.187,52.106,0,42.514,73.697,94.637,50.89,12.884,6.833,124.506,142.235,152.075,178.588,52.269,59.366,122.468,188.538,99.925,20.666, 
Santa Mara Huazolotitln,52.914,292.632,78.196,67.533,227.034,58.419,260.276,115.925,145.893,152.493,90.712,121.628,116.169,91.333,244.707,181.123,225.7,208.09,4.52,144.859,130.42,66.863,120.301,139.54,17.813,42.514,0,101.502,132.642,78.695,35.721,48.854,137.82,155.548,165.389,206.393,17.937,72.68,150.273,216.343,113.238,22.445, 
Santa Mara Zacatepec,84.097,191.333,46.461,113.208,159.706,62.536,158.977,95.908,143.076,149.676,136.387,85.76,113.352,59.598,143.408,178.307,181.593,205.273,97.841,52.165,127.603,35.365,79.205,97.478,111.133,73.697,101.502,0,90.882,23.324,97.003,90.952,135.293,153.022,162.863,105.133,111.432,118.529,49.014,115.084,83.797,79.829, 
Zacoalpan,105.037,164.061,44.395,78.865,100.262,83.476,249.481,32.395,79.563,86.163,71.081,20.566,49.839,31.149,126.056,114.794,98.928,141.76,128.98,11.761,64.09,56.305,13.468,12.768,142.273,94.637,132.642,90.882,0,67.985,131.93,125.879,71.546,89.275,99.116,195.682,142.608,60.266,139.563,205.633,20.05,111.005, 
San Pedro Amuzgos,61.29,214.28,23.655,90.401,162.166,39.73,181.924,73.102,120.27,126.87,113.58,62.954,90.546,36.792,166.355,155.501,160.832,182.467,75.034,79.991,104.797,12.559,56.399,74.672,88.326,50.89,78.695,23.324,67.985,0,74.061,68.01,112.351,130.08,139.921,128.08,88.489,95.586,71.96,138.03,60.855,56.886, 
San Juan Colorado,10.876,287.958,73.522,66.611,226.111,53.745,255.602,115.002,144.971,151.571,89.79,120.705,115.247,86.659,240.033,180.201,224.777,207.168,31.351,143.936,129.498,62.19,119.378,138.617,44.267,12.884,35.721,97.003,131.93,74.061,0,6.014,137.285,155.014,164.854,191.367,44.391,72.145,135.247,201.317,112.704,33.445, 
Pinotepa de Don Luis,14.389,281.907,67.471,60.56,220.06,47.694,249.551,108.951,138.92,145.52,83.739,114.654,109.196,80.608,233.982,174.15,218.726,201.117,45.193,137.885,123.447,56.139,113.327,132.566,58.485,6.833,48.854,90.952,125.879,68.01,6.014,0,131.234,148.963,158.803,185.316,58.997,66.094,129.196,195.266,106.653,27.394, 
Marquelia,134.906,201.907,88.806,84.042,165.727,140.411,293.892,54.618,53.539,40.113,76.258,60.321,22.112,75.56,191.521,45.022,164.393,70.467,134.158,83.552,38.067,100.716,58.994,78.233,147.451,124.506,137.82,135.293,71.546,112.351,137.285,131.234,0,19.488,34.238,239.935,147.616,65.275,183.816,249.886,52.127,116.013, 
Copala,152.635,221.157,106.535,101.77,183.456,158.14,311.621,72.347,71.267,59.363,93.986,78.05,39.84,93.289,209.25,26.756,182.122,89.717,151.886,101.281,55.795,118.445,76.723,95.962,165.179,142.235,155.548,153.022,89.275,130.08,155.014,148.963,19.488,0,54.57,258.745,166.426,84.084,202.626,268.696,70.937,134.823, 
San Luis Acatln,162.475,167.055,116.376,111.611,117.526,167.98,245.298,82.188,12.41,5.885,103.827,87.891,49.681,103.13,199.664,38.914,127.073,35.615,161.727,111.122,28.11,128.286,86.564,105.803,175.02,152.075,165.389,162.863,99.116,139.921,164.854,158.803,34.238,54.57,0,273.935,181.616,99.275,217.816,283.886,86.127,150.013, 
Santiago Juxtlahuaca,188.988,87.101,151.352,218.099,87.063,167.427,54.744,200.799,247.967,254.567,241.278,190.651,218.243,164.489,39.176,283.198,77.361,227.166,202.732,146.814,232.494,140.256,184.096,158.722,216.024,178.588,206.393,105.133,195.682,128.08,191.367,185.316,239.935,258.745,273.935,0,216.052,223.149,56.98,90.791,188.417,184.449, 
Santiago Jamiltepec,62.669,302.387,87.951,77.288,236.789,68.174,270.031,125.68,155.648,162.248,100.467,131.383,125.924,101.088,254.462,190.878,235.455,217.845,13.657,154.614,140.175,76.618,130.056,149.295,25.622,52.269,17.937,111.432,142.608,88.489,44.391,58.997,147.616,166.426,181.616,216.052,0,82.435,160.029,226.099,122.993,32.2, 
Cuajinicuilapa,69.766,266.944,42.96,18.902,154.447,75.271,277.128,43.338,73.306,79.906,18.125,49.041,43.582,64.28,261.559,108.537,153.113,135.504,69.018,72.272,57.833,83.715,47.714,66.953,82.311,59.366,72.68,118.529,60.266,95.586,72.145,66.094,65.275,84.084,99.275,223.149,82.435,0,167.164,233.234,40.69,50.871, 
Putla Villa de Guerrero,132.868,143.315,95.233,161.979,111.688,111.308,110.959,144.68,191.848,198.448,185.158,134.532,162.124,108.37,95.39,227.079,133.575,254.045,146.612,90.695,176.375,84.137,127.977,102.603,159.904,122.468,150.273,49.014,139.563,71.96,135.247,129.196,183.816,202.626,217.816,56.98,160.029,167.164,0,65.759,132.433,128.464, 
Heroica Ciudad de Tlaxiaco,198.938,177.126,161.303,228.049,177.088,177.378,166.038,210.75,257.918,264.518,251.228,200.602,228.194,174.44,129.201,293.149,167.386,320.115,212.682,156.765,242.445,150.207,194.047,168.673,225.974,188.538,216.343,115.084,205.633,138.03,201.317,195.266,249.886,268.696,283.886,90.791,226.099,233.234,65.759,0,198.232,194.263, 
Ometepec,110.325,178.03,37.31,59.461,114.231,76.391,242.396,12.991,60.159,66.759,51.677,9.729,30.435,24.064,140.025,95.39,112.897,122.356,109.576,32.056,44.686,49.22,7.498,26.737,122.869,99.925,113.238,83.797,20.05,60.855,112.704,106.653,52.127,70.937,86.127,188.417,122.993,40.69,132.433,198.232,0,91.614, 
Santiago Pinotepa Nacional,31.066,270.784,56.348,45.685,205.186,36.571,238.428,94.077,124.045,130.645,68.864,99.78,94.321,69.485,222.859,159.275,203.852,186.242,18.783,123.011,108.572,45.015,98.453,117.692,32.076,20.666,22.445,79.829,111.005,56.886,33.445,27.394,116.013,134.823,150.013,184.449,32.2,50.871,128.464,194.263,91.614,0, 
