LOCALIDADES,La Gloria,Vargas,Ixhuacn de los Reyes,Pacho Nuevo,Tolome,Medelln,Juchique de Ferrer,Chichiquila,Ayahualulco,Lomas de Ro Medio Cuatro,Ro Medio [Granja],Acatln,Jalcomulco,Fraccionamiento las Fuentes,Yecuatla,Mozomboa,Mesa de Guadalupe,Los Robles,La Gloria,Chiconquiaco,Palma Sola,Miahuatln,Oasis,Tlalixcoyan,Las Amapolas Dos,Fraccionamiento el Campanario,Fraccionamiento Costa Dorada,La Concepcin,Mahuixtln,Totutla,Jilotepec,Delfino Victoria (Santa Fe),Jamapa,Los Altos,Rafael Lucio,Actopan,San Antonio Tenextepec,Villa Emiliano Zapata (El Carrizal),La Estanzuela,Tlaltetela,Cosautln de Carvajal,Ignacio de la Llave,Los Torrentes,Alto Lucero,Las Bajadas,Boca del Monte,Rafael J. Garca,Pacho Viejo,El Castillo,Paso del Toro,Ursulo Galvn,Manlio Fabio Altamirano,Emilio Carranza,Antn Lizardo,Fraccionamiento Arboledas San Ramn,Guadalupe Victoria,Cabezas,Colinas de Santa Fe,Lomas Verdes,Coacoatzintla,San Marcos de Len (San Marcos),Paso de Ovejas,Tuzamapan,Vega de Alatorre,Rinconada,Jacarandas,Colonia Santa Brbara,Piedras Negras,Naolinco de Victoria,Zempoala,Las Vigas de Ramrez,Boca del Ro,Teocelo,El Tejar,Soledad de Doblado,Fraccionamiento Geovillas los Pinos,Fraccionamiento Puente Moreno,Las Amapolas,Xico,Jos Cardel,Banderilla,Valente Daz,Misantla,Huatusco de Chicuellar,Coatepec,Veracruz,Xalapa-Enrquez,Veracruz, 
La Gloria,0,161.579,25.872,83.278,144.121,187.293,143.121,55.189,21.398,167.93,165.552,93.895,110.36,82.401,129.287,144.188,109.225,196.427,146.722,100.957,188.936,93.151,165.726,217.801,176.834,165.122,165.956,74.87,90.043,76.039,67.944,164.195,185.255,11.425,63.608,112.165,12.63,113.79,84.711,88.75,42.141,239.271,166.351,112.214,177.414,93.393,25.894,88.859,77.496,190.284,145.646,171.231,221.407,205.205,186.497,73.628,138.917,161.58,81.09,74.682,45.157,138.359,93.456,155.338,116.893,80.707,79.355,230.476,85.546,149.675,42.46,188.614,48.896,184.496,182.895,164.813,186.143,175.076,41.126,139.779,65.533,171.385,136.872,76.505,85.041,183.341,72.38,175.559, 
Vargas,161.579,0,130.463,86.287,17.758,31.229,115.315,106.722,173.538,20.315,17.937,129.301,74.67,87.779,137.957,45.309,84.98,40.363,28.863,136.363,71.077,128.557,19.953,61.737,20.769,17.507,18.341,110.276,98.416,86.49,103.35,5.845,29.191,161.049,104.852,71.594,151.331,57.873,87.3,110.199,126.59,83.207,18.736,99.319,21.349,91.023,135.987,91.868,91.52,34.22,26.03,22.104,103.548,49.14,30.432,94.385,21.795,13.965,86.467,110.088,104.657,23.368,96.045,111.893,44.937,83.296,84.733,74.412,120.952,31.816,125.76,32.549,111.943,28.432,33.768,17.198,30.078,19.011,108.55,19.27,100.939,15.32,144.142,96.682,98.249,27.276,88.26,25.442, 
Ixhuacn de los Reyes,25.872,130.463,0,42.923,112.594,155.766,157.84,45.221,4.836,136.403,134.025,108.614,59.841,44.615,144.006,112.661,79.233,164.9,115.195,115.676,157.409,107.87,134.199,186.274,145.307,133.595,134.429,89.589,37.069,66.071,82.663,132.668,153.728,20.341,78.327,82.173,27.349,82.263,43.111,70.312,16.811,207.744,134.824,80.499,145.887,83.425,27.99,36.944,47.504,158.757,114.119,139.704,189.88,173.678,154.97,47.083,107.39,130.053,44.402,89.401,26.132,106.832,42.937,198.225,85.366,48.633,45.409,192.022,100.265,118.148,57.179,157.087,23.887,152.969,151.368,133.286,154.616,143.549,22.102,108.252,80.252,139.858,151.591,66.537,30.967,151.814,43.203,144.032, 
Pacho Nuevo,83.278,86.287,42.923,0,68.692,111.864,98.385,71.781,50.08,92.501,90.123,49.159,28.889,9.384,84.551,68.759,44.101,120.998,71.293,56.221,113.507,48.415,90.297,142.372,101.405,89.693,90.527,30.134,14.355,62.547,23.208,88.766,109.826,82.619,24.709,43.055,72.901,38.361,4.541,39.359,42.53,163.842,90.922,47.392,101.985,79.901,73.817,6.065,14.397,114.855,70.217,95.802,145.978,129.776,111.068,17.261,63.488,86.151,8.072,29.946,20.597,62.93,11.985,154.323,41.464,6.347,4.175,155.047,40.81,74.246,45.618,113.185,27.883,109.067,107.466,89.384,110.714,99.647,24.49,64.35,19.498,95.956,92.136,75.524,17.071,107.912,11.136,100.13, 
Tolome,144.121,17.758,112.594,68.692,0,41.052,109.978,89.996,156.812,34.828,32.45,112.575,57.943,71.053,132.62,39.972,68.253,50.186,23.526,119.637,65.74,111.831,29.776,71.56,30.592,32.02,32.854,93.55,81.69,69.764,86.624,19.924,39.014,144.323,88.126,54.867,134.605,41.146,70.574,93.473,109.864,93.03,33.249,82.592,31.172,74.297,119.261,75.142,74.794,44.043,20.693,27.196,98.211,58.963,40.255,77.659,16.458,28.478,69.741,93.362,87.931,6.642,79.319,106.556,28.21,66.57,68.007,84.235,104.226,26.479,109.034,42.372,95.217,38.255,38.86,31.711,39.901,28.834,91.824,14.703,84.213,25.143,138.805,79.956,81.523,37.099,71.534,35.265, 
Medelln,187.293,31.229,155.766,111.864,41.052,0,141.387,128.218,197.375,22.906,33.122,153.138,98.507,111.616,164.029,71.381,108.817,13.287,54.935,160.2,97.149,152.394,23.924,34.661,21.63,24.126,26.146,134.113,122.253,107.986,127.187,22.447,10.137,184.886,128.689,95.431,175.168,81.71,111.137,131.695,150.427,56.131,33.921,123.156,15.59,82.365,157.483,115.705,115.357,7.144,52.102,23.336,129.62,31.063,4.422,118.222,47.867,29.15,110.304,133.925,128.494,44.864,119.882,137.965,68.774,107.133,108.57,47.336,144.789,57.888,149.597,16.859,135.78,2.429,35.794,25.118,6.327,17.757,132.387,46.484,124.776,19.501,170.214,118.178,122.086,12.535,112.097,17.961, 
Juchique de Ferrer,143.121,115.315,157.84,98.385,109.978,141.387,0,188.863,156.432,123.704,121.326,49.725,101.084,92.45,15.371,93.692,77.901,152.201,90.706,42.007,44.239,50.753,121.5,173.575,132.608,120.896,121.73,68.985,102.976,168.631,76.178,119.969,141.029,143.943,81.4,64.515,134.225,84.287,100.77,126.926,124.779,195.045,122.125,49.893,133.188,173.164,171.802,98.975,80.563,146.058,91.781,136.966,29.347,160.979,142.271,89.686,95.282,117.354,97.148,69.673,102.846,121.831,109.515,31.051,115.66,96.766,95.413,186.25,55.876,90.797,95.905,144.388,110.132,140.27,148.631,120.587,141.917,130.85,106.739,95.664,80.497,127.159,30.128,178.823,97.974,139.115,88.438,131.333, 
Chichiquila,55.189,106.722,45.221,71.781,89.996,128.218,188.863,0,49.514,121.711,119.333,120.271,58.26,80.192,209.597,116.949,128.818,139.797,100.503,127.333,142.717,119.527,119.507,161.171,120.203,118.903,119.737,101.246,70.738,20.88,94.32,109.536,128.625,66.041,95.821,115.432,67.534,101.711,68.542,33.591,43.92,183.314,120.132,143.157,120.783,38.234,29.295,72.782,85.508,133.654,99.427,97.078,175.188,148.574,129.866,87.197,92.698,115.361,78.881,101.058,76.98,83.935,60.124,183.533,88.775,74.064,76.121,159.712,111.922,103.456,97.364,131.983,55.556,127.866,85.486,118.594,129.512,118.445,66.781,93.56,90.61,114.754,215.782,21.346,73.454,126.71,82.248,124.876, 
Ayahualulco,21.398,173.538,4.836,50.08,156.812,197.375,156.432,49.514,0,178.174,175.796,104.139,63.518,48.292,139.531,154.432,82.91,206.671,156.966,111.201,199.18,103.395,175.97,228.045,187.078,175.366,176.2,85.114,40.746,70.364,78.188,174.439,195.499,15.866,73.852,85.85,22.874,124.034,46.788,73.989,21.104,249.515,176.595,84.176,187.658,87.718,33.74,40.621,51.181,200.528,155.89,181.475,231.651,215.449,196.741,50.76,149.161,171.824,48.079,84.926,29.809,148.603,46.614,165.582,127.137,52.31,49.086,196.315,95.79,159.919,52.704,198.858,27.859,194.74,193.139,175.057,196.387,185.32,25.779,150.023,75.777,181.629,147.116,70.83,34.644,193.585,46.88,185.803, 
Lomas de Ro Medio Cuatro,167.93,20.315,136.403,92.501,34.828,22.906,123.704,121.711,178.174,0,2.377,136.597,81.966,95.075,147.488,54.84,92.276,35.159,38.394,143.659,80.608,135.853,5.212,56.533,9.71,4.113,3.033,117.572,105.712,105.204,110.646,16.189,23.988,168.345,112.148,78.89,158.627,65.169,94.596,128.913,133.886,78.003,2.466,106.615,10.29,80.293,154.701,99.164,98.816,29.016,35.561,22.058,113.079,38.08,19.372,101.681,31.326,9.609,93.763,117.384,111.953,42.3,103.341,121.424,52.233,90.592,92.029,69.208,128.248,41.347,133.056,21.489,119.239,21.268,33.723,5.155,19.018,7.952,115.846,29.943,108.235,4.692,153.673,115.396,105.545,16.216,95.556,9.768, 
Ro Medio [Granja],165.552,17.937,134.025,90.123,32.45,33.122,121.326,119.333,175.796,2.377,0,134.309,79.678,92.787,145.2,52.552,89.988,46.133,36.106,141.371,78.32,133.565,2.924,67.507,12.549,1.825,2.127,115.284,103.424,102.916,108.358,13.901,34.961,166.057,109.86,76.602,156.339,62.881,92.308,126.625,131.598,88.977,1.877,104.327,13.129,107.449,152.413,96.876,96.528,39.99,33.273,24.897,110.791,38.293,22.211,99.393,29.038,7.321,91.475,115.096,109.665,40.012,101.053,119.136,49.945,88.304,89.741,80.182,125.96,39.059,130.768,21.701,116.951,24.107,36.562,2.867,21.857,10.791,113.558,27.655,105.947,7.531,151.385,113.108,103.257,19.055,93.268,11.779, 
Acatln,93.895,129.301,108.614,49.159,112.575,153.138,49.725,120.271,104.139,136.597,134.309,0,77.827,43.858,35.888,73.035,39.839,165.469,80.716,7.559,102.744,3.967,134.768,186.843,145.876,134.164,134.998,20.393,54.384,154.202,27.586,133.237,154.297,95.351,32.807,49.102,85.633,82.832,52.178,88.297,76.187,208.313,135.393,35.603,146.456,158.735,123.21,50.383,31.971,159.326,114.688,140.273,70.864,174.247,155.539,41.094,107.959,130.622,48.556,21.08,54.254,107.401,60.923,61.939,85.935,48.174,46.821,199.518,7.284,79.695,47.313,157.656,61.54,153.538,151.937,133.855,155.185,144.118,58.147,108.821,31.905,140.427,43.474,164.394,49.382,152.383,39.846,144.601, 
Jalcomulco,110.36,74.67,59.841,28.889,57.943,98.507,101.084,58.26,63.518,81.966,79.678,77.827,0,37.292,112.763,49.395,56.083,109.314,59.609,84.433,101.823,76.627,78.613,130.688,89.721,78.009,78.843,58.346,27.838,49.097,51.42,77.082,98.142,71.394,52.921,42.697,101.113,17.188,25.642,25.91,56.013,152.158,79.238,70.422,90.301,66.451,87.596,29.881,42.608,103.171,58.533,84.119,134.294,118.092,99.384,44.297,51.804,74.467,35.981,58.158,34.08,51.247,17.224,142.639,29.78,31.164,33.221,143.363,69.022,62.562,73.83,101.501,41.366,97.383,95.783,77.7,99.03,87.963,37.973,52.666,47.71,84.272,120.348,62.074,30.554,96.228,39.348,88.446, 
Fraccionamiento las Fuentes,82.401,87.779,44.615,9.384,71.053,111.616,92.45,80.192,48.292,95.075,92.787,43.858,37.292,0,83.917,69.504,44.846,121.743,72.038,55.587,114.252,47.781,91.042,143.117,102.15,90.438,91.272,29.5,22.29,70.481,22.574,89.511,110.571,81.984,24.075,43.8,72.266,39.106,11.174,47.293,42.286,164.587,91.667,46.757,102.73,115.009,109.843,14.139,13.762,115.6,70.962,96.547,146.723,130.521,111.813,14.316,64.233,86.896,3.452,29.312,20.353,63.675,19.919,155.068,42.209,7.17,4.459,155.792,40.176,74.991,44.983,113.93,27.639,109.812,108.211,90.129,111.459,100.392,24.246,65.095,18.864,96.701,91.502,120.668,15.481,108.657,10.502,100.875, 
Yecuatla,129.287,137.957,144.006,84.551,132.62,164.029,15.371,209.597,139.531,147.488,145.2,35.888,112.763,83.917,0,116.322,74.597,174.832,113.336,28.173,66.869,36.919,144.131,196.206,155.239,143.527,144.361,55.151,89.142,191.262,62.344,142.6,163.66,130.109,67.566,83.86,120.391,151.227,86.936,123.055,110.945,217.676,144.756,65.278,155.819,195.795,157.968,85.141,66.729,168.689,114.411,159.597,34.989,183.61,164.902,75.852,117.913,139.985,83.314,55.839,89.012,144.462,95.681,26.064,138.291,82.932,81.579,208.881,42.042,113.427,82.071,167.019,96.298,162.901,171.262,143.218,164.548,153.481,92.905,118.295,66.663,149.79,14.877,201.454,84.14,161.746,74.604,153.964, 
Mozomboa,144.188,45.309,112.661,68.759,39.972,71.381,93.692,116.949,154.432,54.84,52.552,73.035,49.395,69.504,116.322,0,37.98,82.18,20.684,76.721,49.504,68.915,51.479,103.554,62.587,50.875,51.709,62.105,83.686,98.61,68.921,49.948,71.008,146.319,90.122,24.594,136.601,36.679,72.57,122.319,111.86,125.024,52.104,52.318,63.167,103.143,148.107,77.138,58.288,76.037,21.759,66.945,81.974,90.958,72.25,79.655,25.261,47.333,71.737,72.221,89.927,51.81,81.315,90.319,27.461,68.566,70.003,116.229,63.46,13.172,111.03,74.367,97.213,70.249,78.61,50.566,71.896,60.829,93.82,25.643,86.209,57.138,122.568,108.802,83.519,69.094,73.53,61.312, 
Mesa de Guadalupe,109.225,84.98,79.233,44.101,68.253,108.817,77.901,128.818,82.91,92.276,89.988,39.839,56.083,44.846,74.597,37.98,0,123.87,50.211,44.409,88.752,36.603,93.169,145.244,104.277,92.565,93.399,29.793,48.389,112.603,36.609,91.638,112.698,102.878,41.83,18.597,93.16,43.533,43.089,79.208,70.192,166.714,93.794,20.702,104.857,117.136,130.737,44.388,25.976,117.727,56.613,98.675,121.222,132.648,113.94,38.072,66.36,89.023,37.65,39.909,48.259,65.803,51.834,129.567,44.336,39.085,37.732,157.919,31.148,49.19,65.877,116.057,55.545,111.939,110.339,92.256,113.586,102.519,52.152,67.222,39.758,98.828,80.324,122.795,43.387,110.784,31.947,103.002, 
Los Robles,196.427,40.363,164.9,120.998,50.186,13.287,152.201,139.797,206.671,35.159,46.133,165.469,109.314,121.743,174.832,82.18,123.87,0,75.198,180.463,117.412,172.657,48.516,29.264,41.893,48.718,53.789,154.376,142.516,128.249,147.45,42.71,31.564,205.149,148.952,115.694,195.431,101.973,131.4,151.958,170.69,50.734,54.184,143.419,40.182,102.629,177.746,135.968,135.62,17.055,72.365,43.6,149.883,32.969,26.405,138.485,68.13,49.413,130.567,154.188,148.757,65.127,140.145,158.228,89.037,127.396,128.833,41.939,165.052,78.151,169.86,26.77,156.043,24.412,56.058,52.646,28.31,42.018,152.65,66.747,145.039,39.764,190.477,138.441,142.349,37.141,132.36,42.553, 
La Gloria,146.722,28.863,115.195,71.293,23.526,54.935,90.706,100.503,156.966,38.394,36.106,80.716,59.609,72.038,113.336,20.684,50.211,75.198,0,84.17,48.134,76.364,33.659,85.734,44.767,33.055,33.889,93.158,81.298,80.79,86.232,32.128,53.188,143.931,87.734,32.043,134.213,40.755,70.182,104.499,109.472,107.204,34.284,59.767,45.347,85.323,130.287,74.75,74.402,58.217,6.456,49.125,80.604,73.138,54.43,77.267,7.441,29.513,69.349,92.97,87.539,33.99,78.927,88.949,27.819,66.178,67.615,98.409,70.909,4.234,108.642,56.547,94.825,52.429,60.79,32.746,54.076,43.009,91.432,7.823,83.821,39.318,121.198,90.982,81.131,51.274,71.142,43.492, 
Chiconquiaco,100.957,136.363,115.676,56.221,119.637,160.2,42.007,127.333,111.201,143.659,141.371,7.559,84.433,55.587,28.173,76.721,44.409,180.463,84.17,0,95.029,8.589,141.197,193.272,152.305,140.593,141.427,26.821,60.812,160.631,34.015,139.666,160.726,101.78,39.236,55.53,92.062,89.261,58.607,94.726,82.615,214.742,141.822,42.031,152.885,165.164,129.639,56.811,38.399,165.755,121.117,146.702,63.149,180.676,161.968,47.523,114.388,137.051,54.985,27.509,60.682,113.83,67.352,54.224,92.364,54.603,53.25,205.947,13.713,86.123,53.742,164.085,67.968,159.967,158.366,140.284,161.614,150.547,64.575,115.25,38.334,146.856,35.758,170.823,55.81,158.812,46.275,151.03, 
Palma Sola,188.936,71.077,157.409,113.507,65.74,97.149,44.239,142.717,199.18,80.608,78.32,102.744,101.823,114.252,66.869,49.504,88.752,117.412,48.134,95.029,0,103.786,77.261,129.336,88.369,76.657,77.491,136.76,124.9,124.392,129.834,75.73,96.79,187.533,131.336,70.764,177.815,84.357,113.784,148.101,153.074,150.806,77.886,62.027,88.949,128.925,173.889,118.352,118.004,101.819,47.542,92.727,32.47,116.74,98.032,120.869,51.043,73.115,112.951,136.572,131.141,77.592,122.529,40.816,71.421,109.78,111.217,142.011,109.63,46.558,152.244,100.149,138.427,96.031,104.392,76.348,97.678,86.611,135.034,51.425,127.423,82.92,73.065,134.584,124.733,94.876,114.744,87.094, 
Miahuatln,93.151,128.557,107.87,48.415,111.831,152.394,50.753,119.527,103.395,135.853,133.565,3.967,76.627,47.781,36.919,68.915,36.603,172.657,76.364,8.589,103.786,0,133.391,185.466,144.499,132.787,133.621,19.016,53.007,152.825,26.209,131.86,152.92,93.974,31.43,47.725,84.256,81.455,50.801,86.92,74.81,206.936,134.016,34.226,145.079,157.358,121.833,49.006,30.594,157.949,113.311,138.896,71.895,172.87,154.162,39.717,106.582,129.245,47.179,19.703,52.877,106.024,59.546,62.97,84.558,46.797,45.444,198.141,6.384,78.318,45.936,156.279,60.163,152.161,150.56,132.478,153.808,142.741,56.77,107.444,30.528,139.05,44.504,163.017,48.005,151.006,38.469,143.224, 
Oasis,165.726,19.953,134.199,90.297,29.776,23.924,121.5,119.507,175.97,5.212,2.924,134.768,78.613,91.042,144.131,51.479,93.169,48.516,33.659,141.197,77.261,133.391,0,57.136,10.313,1.233,3.253,114.642,102.782,102.274,107.716,13.259,24.591,165.415,109.218,75.96,155.697,62.239,91.666,125.983,130.956,78.606,3.642,103.685,10.893,80.896,151.771,96.234,95.886,29.619,32.631,22.661,110.149,38.683,19.975,98.751,28.396,6.679,90.833,114.454,109.023,39.37,100.411,118.494,49.303,87.662,89.099,69.811,125.318,38.417,130.126,22.092,116.309,21.871,34.326,2.225,19.621,8.555,112.916,27.013,105.305,5.295,150.743,112.466,102.615,16.819,92.626,13.831, 
Tlalixcoyan,217.801,61.737,186.274,142.372,71.56,34.661,173.575,161.171,228.045,56.533,67.507,186.843,130.688,143.117,196.206,103.554,145.244,29.264,85.734,193.272,129.336,185.466,57.136,0,54.089,60.914,65.985,166.572,154.712,140.445,159.646,54.906,43.759,217.345,161.148,127.89,207.627,114.169,143.596,164.154,182.886,21.789,66.38,155.615,52.378,114.824,185.893,148.164,147.816,29.25,84.561,55.795,162.079,43.024,38.6,150.681,80.326,61.609,142.763,166.384,160.953,77.323,152.341,170.424,101.233,139.592,141.029,15.437,177.248,90.347,182.056,38.965,168.239,36.607,68.253,64.842,40.505,54.214,164.846,78.943,157.235,51.96,202.673,155.331,154.545,49.337,144.556,54.749, 
Las Amapolas Dos,176.834,20.769,145.307,101.405,30.592,21.63,132.608,120.203,187.078,9.71,12.549,145.876,89.721,102.15,155.239,62.587,104.277,41.893,44.767,152.305,88.369,144.499,10.313,54.089,0,10.177,12.197,125.5,113.64,99.372,118.574,13.834,21.635,176.273,120.076,86.818,166.555,73.097,102.524,123.081,141.814,75.65,12.586,114.543,5.252,82.255,148.869,107.092,106.744,26.663,43.489,24.02,121.007,33.043,14.335,109.609,39.254,20.537,101.691,125.312,119.881,36.251,111.269,129.352,60.161,98.52,99.957,66.855,136.176,49.275,140.984,16.452,127.167,16.231,35.685,11.169,13.981,1.447,123.774,37.871,116.163,6.653,161.601,109.564,113.473,11.179,103.484,9.345, 
Fraccionamiento el Campanario,165.122,17.507,133.595,89.693,32.02,24.126,120.896,118.903,175.366,4.113,1.825,134.164,78.009,90.438,143.527,50.875,92.565,48.718,33.055,140.593,76.657,132.787,1.233,60.914,10.177,0,2.205,114.089,102.229,101.721,107.163,12.706,25.188,164.862,108.665,75.407,155.144,61.686,91.113,125.43,130.403,87.782,2.595,103.132,11.49,81.493,151.218,95.681,95.333,38.795,32.078,23.258,109.596,39.28,20.572,98.198,27.843,6.126,90.28,113.901,108.47,38.817,99.858,117.941,48.75,87.109,88.546,78.987,124.765,37.864,129.573,22.689,115.756,22.468,34.923,1.672,20.218,9.152,112.363,26.46,104.752,5.892,150.19,111.913,102.062,17.416,92.073,13.278, 
Fraccionamiento Costa Dorada,165.956,18.341,134.429,90.527,32.854,26.146,121.73,119.737,176.2,3.033,2.127,134.998,78.843,91.272,144.361,51.709,93.399,53.789,33.889,141.427,77.491,133.621,3.253,65.985,12.197,2.205,0,115.078,103.218,102.71,108.152,13.695,34.755,165.851,109.654,76.396,156.133,62.675,92.102,126.419,131.392,88.771,1.296,104.121,12.923,107.243,152.207,96.67,96.322,39.784,33.067,24.691,110.585,39.012,22.005,99.187,28.832,7.115,91.269,114.89,109.459,39.806,100.847,118.93,49.739,88.098,89.535,79.976,125.754,38.853,130.562,22.42,116.745,23.901,36.356,2.661,21.651,10.585,113.352,27.449,105.741,7.325,151.179,112.902,103.051,18.849,93.062,12.498, 
La Concepcin,74.87,110.276,89.589,30.134,93.55,134.113,68.985,101.246,85.114,117.572,115.284,20.393,58.346,29.5,55.151,62.105,29.793,154.376,93.158,26.821,136.76,19.016,114.642,166.572,125.5,114.089,115.078,0,36.954,133.647,7.031,112.682,133.742,74.796,12.252,38.5,65.078,62.277,31.623,67.742,58.757,187.758,114.838,37.583,125.901,138.18,102.655,35.771,14.354,138.771,94.133,119.718,90.14,153.692,134.984,20.539,87.404,110.067,28.001,10.331,36.824,86.846,40.368,81.215,65.38,27.619,26.266,178.963,21.195,98.162,33.458,137.101,44.11,132.983,131.382,113.3,134.63,123.563,40.717,88.266,11.35,119.872,62.75,143.839,31.952,131.828,19.291,124.046, 
Mahuixtln,90.043,98.416,37.069,14.355,81.69,122.253,102.976,70.738,40.746,105.712,103.424,54.384,27.838,22.29,89.142,83.686,48.389,142.516,81.298,60.812,124.9,53.007,102.782,154.712,113.64,102.229,103.218,36.954,0,61.463,30.551,100.632,121.692,48.512,32.052,54.921,80.243,50.227,11.075,38.276,33.131,175.708,102.788,55.785,113.851,78.817,64.418,12.028,22.79,126.721,82.083,107.668,157.844,141.642,122.934,22.369,75.354,98.017,19.688,37.289,11.198,74.796,10.901,166.189,53.33,16.597,18.655,166.913,48.153,86.112,52.96,125.051,18.484,120.933,119.332,101.25,122.58,111.513,15.091,76.216,26.841,107.822,99.479,74.44,7.672,119.778,18.489,111.996, 
Totutla,76.039,86.49,66.071,62.547,69.764,107.986,168.631,20.88,70.364,105.204,102.916,154.202,49.097,70.481,191.262,98.61,112.603,128.249,80.79,160.631,124.392,152.825,102.274,140.445,99.372,101.721,102.71,133.647,61.463,0,126.956,89.304,108.393,86.891,128.458,95.2,88.384,81.479,59.308,24.357,64.618,177.196,99.9,122.925,100.551,18.002,50.145,63.548,76.274,113.422,79.195,76.846,154.956,128.342,109.634,77.963,72.466,95.129,69.647,133.694,67.746,63.703,50.89,163.301,68.543,64.83,66.887,153.594,144.558,83.224,149.366,111.751,75.032,107.634,65.254,98.362,109.28,98.213,71.639,73.328,124.545,94.522,195.55,13.625,64.22,106.478,73.014,104.644, 
Jilotepec,67.944,103.35,82.663,23.208,86.624,127.187,76.178,94.32,78.188,110.646,108.358,27.586,51.42,22.574,62.344,68.921,36.609,147.45,86.232,34.015,129.834,26.209,107.716,159.646,118.574,107.163,108.152,7.031,30.551,126.956,0,105.767,126.827,67.881,5.337,45.303,58.163,55.362,24.708,60.827,51.842,180.843,107.923,44.386,118.986,131.265,95.74,28.856,17.492,131.856,87.218,112.803,96.435,146.777,128.069,13.624,80.489,103.152,21.086,6.854,29.909,79.931,33.453,87.51,58.465,20.704,19.351,172.048,17.718,91.247,26.543,130.186,37.195,126.068,124.467,106.385,127.715,116.648,33.802,81.351,4.435,112.957,69.044,136.924,25.037,124.913,12.376,117.131, 
Delfino Victoria (Santa Fe),164.195,5.845,132.668,88.766,19.924,22.447,119.969,109.536,174.439,16.189,13.901,133.237,77.082,89.511,142.6,49.948,91.638,42.71,32.128,139.666,75.73,131.86,13.259,54.906,13.834,12.706,13.695,112.682,100.632,89.304,105.767,0,22.426,163.855,107.658,74.4,154.137,60.679,90.106,114.306,129.396,76.442,12.89,102.125,14.584,70.707,140.094,94.674,94.326,27.455,31.071,18.362,108.589,42.375,23.667,97.191,26.836,8.119,89.273,112.894,107.463,27.476,98.851,116.934,47.743,86.102,87.539,67.647,123.758,36.857,128.566,25.784,114.749,21.667,30.027,11.352,23.313,12.246,111.356,25.453,103.745,8.555,149.183,100.789,101.055,20.511,91.066,18.677, 
Jamapa,185.255,29.191,153.728,109.826,39.014,10.137,141.029,128.625,195.499,23.988,34.961,154.297,98.142,110.571,163.66,71.008,112.698,31.564,53.188,160.726,96.79,152.92,24.591,43.759,21.635,25.188,34.755,133.742,121.692,108.393,126.827,22.426,0,184.175,127.978,94.72,174.457,80.999,110.426,130.983,149.716,63.11,33.21,122.445,26.04,72.874,156.771,114.994,114.646,14.123,51.391,13.845,128.909,38.042,14.143,117.511,47.156,28.439,109.593,133.214,127.783,44.152,119.171,137.254,68.063,106.422,107.859,54.315,144.078,57.177,148.886,23.838,135.069,10.651,26.303,31.672,16.048,21.044,131.676,45.773,124.065,18.79,169.503,117.466,121.375,22.999,111.386,28.411, 
Los Altos,11.425,161.049,20.341,82.619,144.323,184.886,143.943,66.041,15.866,168.345,166.057,95.351,71.394,81.984,130.109,146.319,102.878,205.149,143.931,101.78,187.533,93.974,165.415,217.345,176.273,164.862,165.851,74.796,48.512,86.891,67.881,163.855,184.175,0,61.363,109.92,10.385,111.545,82.466,81.711,36.608,237.026,164.106,109.969,175.169,104.246,36.747,48.343,75.251,188.039,143.401,168.986,219.162,202.96,184.252,71.383,136.672,159.335,78.845,72.437,37.531,136.114,54.336,153.093,114.648,78.462,77.11,228.231,83.301,147.43,40.215,186.369,41.58,182.251,180.65,162.568,183.898,172.831,33.5,137.534,63.288,169.14,134.627,87.358,42.366,181.096,70.135,173.314, 
Rafael Lucio,63.608,104.852,78.327,24.709,88.126,128.689,81.4,95.821,73.852,112.148,109.86,32.807,52.921,24.075,67.566,90.122,41.83,148.952,87.734,39.236,131.336,31.43,109.218,161.148,120.076,108.665,109.654,12.252,32.052,128.458,5.337,107.658,127.978,61.363,0,50.523,51.636,56.885,26.23,62.349,53.365,182.366,109.446,49.606,120.509,132.788,89.213,30.378,19.015,133.379,88.741,114.326,164.502,148.3,129.592,10.604,82.012,104.675,22.609,12.074,31.432,81.454,34.975,92.73,59.988,22.226,20.874,173.571,22.938,92.77,21.474,131.709,38.718,127.591,125.99,107.908,129.238,118.171,35.325,82.874,5.453,114.48,74.264,138.447,26.56,126.436,13.899,118.654, 
Actopan,112.165,71.594,82.173,43.055,54.867,95.431,64.515,115.432,85.85,78.89,76.602,49.102,42.697,43.8,83.86,24.594,18.597,115.694,32.043,55.53,70.764,47.725,75.96,127.89,86.818,75.407,76.396,38.5,54.921,95.2,45.303,74.4,94.72,109.92,50.523,0,101.877,25.94,44.059,68.579,78.909,149.121,76.201,33.893,87.264,99.543,139.454,48.628,34.693,100.134,39.02,81.082,103.629,115.055,96.347,46.789,48.767,71.43,43.226,48.626,56.976,48.21,52.804,111.974,26.743,40.055,41.492,140.326,39.865,31.597,74.594,98.464,64.262,94.346,92.746,74.663,95.993,84.926,60.869,49.629,48.475,81.235,89.041,105.202,52.104,93.191,40.664,85.409, 
San Antonio Tenextepec,12.63,151.331,27.349,72.901,134.605,175.168,134.225,67.534,22.874,158.627,156.339,85.633,101.113,72.266,120.391,136.601,93.16,195.431,134.213,92.062,177.815,84.256,155.697,207.627,166.555,155.144,156.133,65.078,80.243,88.384,58.163,154.137,174.457,10.385,51.636,101.877,0,101.826,72.747,108.866,43.652,227.307,154.387,100.25,165.45,177.729,38.279,76.895,65.532,178.32,133.682,159.267,209.443,193.241,174.533,61.664,126.953,149.616,69.126,62.718,46.668,126.395,81.492,143.374,104.929,68.743,67.391,218.512,73.582,137.711,30.496,176.65,50.407,172.532,170.931,152.849,174.179,163.112,42.637,127.815,53.569,159.421,124.908,88.89,73.077,171.377,60.416,163.595, 
Villa Emiliano Zapata (El Carrizal),113.79,57.873,82.263,38.361,41.146,81.71,84.287,101.711,124.034,65.169,62.881,82.832,17.188,39.106,151.227,36.679,43.533,101.973,40.755,89.261,84.357,81.455,62.239,114.169,73.097,61.686,62.675,62.277,50.227,81.479,55.362,60.679,80.999,111.545,56.885,25.94,101.826,0,39.948,43.03,79.238,135.937,63.017,54.201,74.08,86.359,141.556,44.516,44.168,86.95,42.312,67.898,118.073,101.871,83.163,47.033,35.583,58.246,39.115,62.736,57.305,35.026,34.344,126.418,13.559,35.944,37.381,127.142,73.6,46.341,78.408,85.28,64.591,81.162,79.562,61.479,82.809,71.742,61.198,36.445,53.587,68.051,124.926,92.018,50.897,80.007,40.908,72.225, 
La Estanzuela,84.711,87.3,43.111,4.541,70.574,111.137,100.77,68.542,46.788,94.596,92.308,52.178,25.642,11.174,86.936,72.57,43.089,131.4,70.182,58.607,113.784,50.801,91.666,143.596,102.524,91.113,92.102,31.623,11.075,59.308,24.708,90.106,110.426,82.466,26.23,44.059,72.747,39.948,0,36.12,39.29,164.633,91.713,49.962,102.776,76.662,70.577,8.605,16.967,115.646,71.008,96.593,146.769,130.567,111.859,19.832,64.279,86.942,10.34,32.517,17.357,63.721,8.746,155.114,42.255,5.523,7.58,155.838,43.381,75.037,48.189,113.976,24.643,109.858,108.257,90.175,111.505,100.438,21.25,65.141,22.069,96.747,94.707,72.285,13.831,108.703,13.707,100.921, 
Tlaltetela,88.75,110.199,70.312,39.359,93.473,131.695,126.926,33.591,73.989,128.913,126.625,88.297,25.91,47.293,123.055,122.319,79.208,151.958,104.499,94.726,148.101,86.92,125.983,164.154,123.081,125.43,126.419,67.742,38.276,24.357,60.827,114.306,130.983,81.711,62.349,68.579,108.866,43.03,36.12,0,66.491,200.905,123.609,86.081,124.26,41.711,62.856,40.36,53.086,137.131,102.904,100.555,178.665,152.051,133.343,54.775,96.175,118.838,46.459,68.636,44.558,87.412,27.703,187.01,55.551,41.642,43.699,177.303,79.5,106.933,84.308,135.46,51.844,131.343,88.963,122.071,132.989,121.922,48.451,97.037,58.188,118.231,130.826,37.334,41.032,130.187,49.826,128.353, 
Cosautln de Carvajal,42.141,126.59,16.811,42.53,109.864,150.427,124.779,43.92,21.104,133.886,131.598,76.187,56.013,42.286,110.945,111.86,70.192,170.69,109.472,82.615,153.074,74.81,130.956,182.886,141.814,130.403,131.392,58.757,33.131,64.618,51.842,129.396,149.716,36.608,53.365,78.909,43.652,79.238,39.29,66.491,0,203.804,130.884,76.559,141.947,81.942,36.988,33.004,43.564,154.817,110.179,135.764,185.94,169.738,151.03,43.143,103.45,126.113,40.462,58.063,21.849,102.892,38.997,194.285,81.426,44.693,41.469,195.009,68.927,114.208,73.419,153.147,14.997,149.029,147.428,129.346,150.676,139.609,25.027,104.312,47.615,135.918,120.253,65.054,27.027,147.874,39.263,140.092, 
Ignacio de la Llave,239.271,83.207,207.744,163.842,93.03,56.131,195.045,183.314,249.515,78.003,88.977,208.313,152.158,164.587,217.676,125.024,166.714,50.734,107.204,214.742,150.806,206.936,78.606,21.789,75.65,87.782,88.771,187.758,175.708,177.196,180.843,76.442,63.11,237.026,182.366,149.121,227.307,135.937,164.633,200.905,203.804,0,87.958,177.193,73.956,191.088,194.369,169.742,169.394,50.828,106.139,77.373,183.657,64.602,60.178,172.259,101.904,83.187,164.341,187.962,182.531,98.901,173.919,192.002,122.811,161.17,162.607,22.841,198.826,111.925,203.634,60.543,189.817,58.185,89.831,86.42,62.083,75.792,186.424,100.521,178.813,73.538,224.251,163.807,176.123,70.915,166.134,76.327, 
Los Torrentes,166.351,18.736,134.824,90.922,33.249,33.921,122.125,120.132,176.595,2.466,1.877,135.393,79.238,91.667,144.756,52.104,93.794,54.184,34.284,141.822,77.886,134.016,3.642,66.38,12.586,2.595,1.296,114.838,102.788,99.9,107.923,12.89,33.21,164.106,109.446,76.201,154.387,63.017,91.713,123.609,130.884,87.958,0,105.293,10.847,108.415,153.379,97.842,97.494,40.956,34.239,25.863,111.757,39.259,20.119,100.359,30.004,8.287,92.441,116.062,110.631,40.978,102.019,120.102,50.911,89.27,90.707,81.148,126.926,40.025,131.734,22.667,117.917,22.015,37.528,3.833,19.765,11.757,114.524,28.621,106.913,8.497,152.351,114.074,104.223,16.963,94.234,8.951, 
Alto Lucero,112.214,99.319,80.499,47.392,82.592,123.156,49.893,143.157,84.176,106.615,104.327,35.603,70.422,46.757,65.278,52.318,20.702,143.419,59.767,42.031,62.027,34.226,103.685,155.615,114.543,103.132,104.121,37.583,55.785,122.925,44.386,102.125,122.445,109.969,49.606,33.893,100.25,54.201,49.962,86.081,76.559,177.193,105.293,0,114.989,127.268,137.756,51.407,32.995,127.859,66.744,108.807,91.233,142.78,124.072,45.091,76.492,99.155,44.669,41.036,55.278,75.935,58.853,99.578,54.468,46.104,44.751,168.051,28.771,59.321,70.813,126.189,62.564,122.071,120.471,102.388,123.718,112.651,59.171,77.354,46.777,108.96,77.947,132.927,50.406,120.916,38.966,113.134, 
Las Bajadas,177.414,21.349,145.887,101.985,31.172,15.59,133.188,120.783,187.658,10.29,13.129,146.456,90.301,102.73,155.819,63.167,104.857,40.182,45.347,152.885,88.949,145.079,10.893,52.378,5.252,11.49,12.923,125.901,113.851,100.551,118.986,14.584,26.04,175.169,120.509,87.264,165.45,74.08,102.776,124.26,141.947,73.956,10.847,114.989,0,81.307,147.921,106.144,105.796,22.268,42.541,23.072,120.059,29.851,11.143,108.661,38.306,19.589,100.743,124.364,118.933,35.303,110.321,128.404,59.213,97.572,99.009,62.46,135.228,48.327,140.036,13.26,126.219,13.039,34.737,10.22,10.789,2.86,122.826,36.923,115.215,5.705,160.653,108.616,112.525,7.987,102.536,5.002, 
Boca del Monte,93.393,91.023,83.425,79.901,74.297,82.365,173.164,38.234,87.718,80.293,107.449,158.735,66.451,115.009,195.795,103.143,117.136,102.629,85.323,165.164,128.925,157.358,80.896,114.824,82.255,81.493,107.243,138.18,78.817,18.002,131.265,70.707,72.874,104.246,132.788,99.543,177.729,86.359,76.662,41.711,81.942,191.088,108.415,127.268,81.307,0,67.474,80.877,119.635,87.129,83.703,59.026,159.464,110.798,92.09,122.5,76.974,99.637,114.582,138.202,85.075,68.211,68.219,167.809,73.051,111.411,112.848,107.385,149.066,87.732,153.874,94.207,92.361,82.421,47.434,102.87,91.736,80.669,88.968,77.836,129.053,76.978,200.058,28.168,81.549,88.934,116.375,87.1, 
Rafael J. Garca,25.894,135.987,27.99,73.817,119.261,157.483,171.802,29.295,33.74,154.701,152.413,123.21,87.596,109.843,157.968,148.107,130.737,177.746,130.287,129.639,173.889,121.833,151.771,185.893,148.869,151.218,152.207,102.655,64.418,50.145,95.74,140.094,156.771,36.747,89.213,139.454,38.279,141.556,70.577,62.856,36.988,194.369,153.379,137.756,147.921,67.474,0,64.292,103.105,162.919,128.692,126.343,204.453,177.839,159.131,99.237,121.963,144.626,106.699,100.291,53.137,113.2,70.285,212.798,118.04,106.316,104.964,176.096,111.155,132.721,68.069,161.248,46.285,157.131,114.751,147.859,158.777,147.71,49.55,122.825,91.142,144.019,162.481,50.611,58.315,155.975,97.989,154.141, 
Pacho Viejo,88.859,91.868,36.944,6.065,75.142,115.705,98.975,72.782,40.621,99.164,96.876,50.383,29.881,14.139,85.141,77.138,44.388,135.968,74.75,56.811,118.352,49.006,96.234,148.164,107.092,95.681,96.67,35.771,12.028,63.548,28.856,94.674,114.994,48.343,30.378,48.628,76.895,44.516,8.605,40.36,33.004,169.742,97.842,51.407,106.144,80.877,64.292,0,16.518,120.436,75.798,101.383,151.559,135.357,116.649,16.097,69.069,91.732,13.416,31.017,14.42,68.511,12.985,159.904,47.045,11.928,9.756,160.628,41.881,79.827,46.688,118.766,21.706,114.648,113.047,94.965,116.295,105.228,18.313,69.931,20.569,101.537,93.207,76.524,8.422,113.493,12.217,105.711, 
El Castillo,77.496,91.52,47.504,14.397,74.794,115.357,80.563,85.508,51.181,98.816,96.528,31.971,42.608,13.762,66.729,58.288,25.976,135.62,74.402,38.399,118.004,30.594,95.886,147.816,106.744,95.333,96.322,14.354,22.79,76.274,17.492,94.326,114.646,75.251,19.015,34.693,65.532,44.168,16.967,53.086,43.564,169.394,97.494,32.995,105.796,119.635,103.105,16.518,0,121.22,76.582,102.167,152.343,136.141,117.433,12.095,69.853,92.516,11.673,24.229,22.282,69.295,25.857,92.78,47.829,13.108,11.755,161.412,25.139,80.611,39.9,119.55,29.568,115.432,113.831,95.749,117.079,106.012,26.175,70.715,13.781,102.321,74.315,126.288,17.41,114.277,5.97,106.495, 
Paso del Toro,190.284,34.22,158.757,114.855,44.043,7.144,146.058,133.654,200.528,29.016,39.99,159.326,103.171,115.6,168.689,76.037,117.727,17.055,58.217,165.755,101.819,157.949,29.619,29.25,26.663,38.795,39.784,138.771,126.721,113.422,131.856,27.455,14.123,188.039,133.379,100.134,178.32,86.95,115.646,137.131,154.817,50.828,40.956,127.859,22.268,87.129,162.919,120.436,121.22,0,57.458,28.692,134.976,24.014,11.498,123.578,53.223,34.506,115.66,139.281,133.85,50.22,125.238,143.321,74.13,112.489,113.926,41.912,150.145,63.244,154.953,9.81,141.136,9.505,41.15,37.739,13.403,27.111,137.743,51.84,130.132,24.857,175.57,123.534,127.442,15.491,117.453,27.646, 
Ursulo Galvn,145.646,26.03,114.119,70.217,20.693,52.102,91.781,99.427,155.89,35.561,33.273,114.688,58.533,70.962,114.411,21.759,56.613,72.365,6.456,121.117,47.542,113.311,32.631,84.561,43.489,32.078,33.067,94.133,82.083,79.195,87.218,31.071,51.391,143.401,88.741,39.02,133.682,42.312,71.008,102.904,110.179,106.139,34.239,66.744,42.541,83.703,128.692,75.798,76.582,57.458,0,47.629,79.987,71.642,52.934,76.867,6.513,28.017,68.949,92.57,87.139,33.59,78.527,88.332,27.419,65.778,67.215,96.913,103.434,8.252,108.242,55.051,94.425,50.933,59.294,31.25,52.58,41.513,91.032,6.327,83.421,37.822,120.581,90.582,80.731,49.778,70.742,41.996, 
Manlio Fabio Altamirano,171.231,22.104,139.704,95.802,27.196,23.336,136.966,97.078,181.475,22.058,24.897,140.273,84.119,96.547,159.597,66.945,98.675,43.6,49.125,146.702,92.727,138.896,22.661,55.795,24.02,23.258,24.691,119.718,107.668,76.846,112.803,18.362,13.845,168.986,114.326,81.082,159.267,67.898,96.593,100.555,135.764,77.373,25.863,108.807,23.072,59.026,126.343,101.383,102.167,28.692,47.629,0,125.731,52.027,25.449,104.224,43.978,25.261,96.306,119.927,114.496,33.207,105.884,134.076,54.776,93.135,94.572,57.215,130.791,53.999,135.599,36.138,121.782,23.4,12.464,24.736,33.667,22.6,118.389,42.595,110.778,18.909,166.325,87.02,108.088,30.865,98.099,29.031, 
Emilio Carranza,221.407,103.548,189.88,145.978,98.211,129.62,29.347,175.188,231.651,113.079,110.791,70.864,134.294,146.723,34.989,81.974,121.222,149.883,80.604,63.149,32.47,71.895,110.149,162.079,121.007,109.596,110.585,90.14,157.844,154.956,96.435,108.589,128.909,219.162,164.502,103.629,209.443,118.073,146.769,178.665,185.94,183.657,111.757,91.233,120.059,159.464,204.453,151.559,152.343,134.976,79.987,125.731,0,149.211,130.503,153.34,83.514,105.586,145.422,84.09,163.612,110.063,155,8.807,103.892,142.251,143.688,174.482,70.293,79.028,184.715,132.62,170.898,128.502,136.863,108.819,130.149,119.082,167.505,83.896,159.894,115.391,40.769,167.055,157.204,127.347,147.215,119.565, 
Antn Lizardo,205.205,49.14,173.678,129.776,58.963,31.063,160.979,148.574,215.449,38.08,38.293,174.247,118.092,130.521,183.61,90.958,132.648,32.969,73.138,180.676,116.74,172.87,38.683,43.024,33.043,39.28,39.012,153.692,141.642,128.342,146.777,42.375,38.042,202.96,148.3,115.055,193.241,101.871,130.567,152.051,169.738,64.602,39.259,142.78,29.851,110.798,177.839,135.357,136.141,24.014,71.642,52.027,149.211,0,22.022,135.571,65.216,43.498,127.653,151.274,145.843,73.672,137.231,155.314,86.123,124.482,125.919,55.889,162.138,75.237,166.946,16.846,153.129,23.918,64.603,39.845,22.84,32.484,149.736,63.833,142.125,35.329,187.563,146.986,139.435,22.527,129.446,31.175, 
Fraccionamiento Arboledas San Ramn,186.497,30.432,154.97,111.068,40.255,4.422,142.271,129.866,196.741,19.372,22.211,155.539,99.384,111.813,164.902,72.25,113.94,26.405,54.43,161.968,98.032,154.162,19.975,38.6,14.335,20.572,22.005,134.984,122.934,109.634,128.069,23.667,14.143,184.252,129.592,96.347,174.533,83.163,111.859,133.343,151.03,60.178,20.119,124.072,11.143,92.09,159.131,116.649,117.433,11.498,52.934,25.449,130.503,22.022,0,119.476,49.121,30.404,111.558,135.179,129.748,46.118,121.136,139.219,70.028,108.387,109.824,51.603,146.043,59.142,150.851,6.821,137.034,2.182,37.837,21.036,2.245,13.675,133.641,47.738,126.03,16.52,171.468,119.432,123.34,8.453,113.351,13.879, 
Guadalupe Victoria,73.628,94.385,47.083,17.261,77.659,118.222,89.686,87.197,50.76,101.681,99.393,41.094,44.297,14.316,75.852,79.655,38.072,138.485,77.267,47.523,120.869,39.717,98.751,150.681,109.609,98.198,99.187,20.539,22.369,77.963,13.624,97.191,117.511,71.383,10.604,46.789,61.664,47.033,19.832,54.775,43.143,172.259,100.359,45.091,108.661,122.5,99.237,16.097,12.095,123.578,76.867,104.224,153.34,135.571,119.476,0,74.113,96.776,11.779,20.898,20.81,73.555,26.808,164.948,52.089,17.368,12.786,165.672,31.762,84.871,26.637,123.81,28.096,119.692,118.091,100.009,121.339,110.272,24.703,74.975,10.45,106.581,83.088,130.548,15.938,118.537,7.184,110.755, 
Cabezas,138.917,21.795,107.39,63.488,16.458,47.867,95.282,92.698,149.161,31.326,29.038,107.959,51.804,64.233,117.913,25.261,66.36,68.13,7.441,114.388,51.043,106.582,28.396,80.326,39.254,27.843,28.832,87.404,75.354,72.466,80.489,26.836,47.156,136.672,82.012,48.767,126.953,35.583,64.279,96.175,103.45,101.904,30.004,76.492,38.306,76.974,121.963,69.069,69.853,53.223,6.513,43.978,83.514,65.216,49.121,74.113,0,24.496,62.957,86.578,81.147,27.598,72.535,92.165,21.427,59.786,61.223,93.392,97.442,12.088,102.25,51.53,88.433,47.412,55.773,27.729,49.059,37.992,85.04,2.695,77.429,34.301,124.414,84.59,74.739,46.257,64.75,38.475, 
Colinas de Santa Fe,161.58,13.965,130.053,86.151,28.478,29.15,117.354,115.361,171.824,9.609,7.321,130.622,74.467,86.896,139.985,47.333,89.023,49.413,29.513,137.051,73.115,129.245,6.679,61.609,20.537,6.126,7.115,110.067,98.017,95.129,103.152,8.119,28.439,159.335,104.675,71.43,149.616,58.246,86.942,118.838,126.113,83.187,8.287,99.155,19.589,99.637,144.626,91.732,92.516,34.506,28.017,25.261,105.586,43.498,30.404,96.776,24.496,0,86.846,110.467,105.036,35.383,96.424,114.507,45.316,83.675,85.112,75.553,121.331,34.43,126.139,24.925,112.322,29.573,37.934,4.258,26.022,13.039,108.929,23.026,101.318,9.779,146.756,108.479,98.628,20.194,88.639,15.003, 
Lomas Verdes,81.09,86.467,44.402,8.072,69.741,110.304,97.148,78.881,48.079,93.763,91.475,48.556,35.981,3.452,83.314,71.737,37.65,130.567,69.349,54.985,112.951,47.179,90.833,142.763,101.691,90.28,91.269,28.001,19.688,69.647,21.086,89.273,109.593,78.845,22.609,43.226,69.126,39.115,10.34,46.459,40.462,164.341,92.441,44.669,100.743,114.582,106.699,13.416,11.673,115.66,68.949,96.306,145.422,127.653,111.558,11.779,62.957,86.846,0,27.346,18.938,61.709,17.953,153.102,40.243,5.204,2.493,153.826,38.21,73.025,43.017,111.964,26.224,107.846,106.245,88.163,109.493,98.426,22.831,63.129,16.898,94.735,89.536,118.702,14.066,106.691,8.536,98.909, 
