LOCALIDADES,Gabriel Leyva Velzquez,Cohuibampo,Leopoldo Snchez Celis (El Gato de Lara),Las Grullas Margen Izquierda,Poblado Nmero Cinco,El Varal (San Sebastin Nmero Uno),Cerrillos (Campo 35),Alhuey,Colonia Agrcola Mxico (Palmitas),El Cubilete (El Cubilete Nmero Uno),El Cerro Cabezn,El Colorado,Juan Aldama (El Tigre),Mochis (Ejido Mochis),Bamoa,Callejones de Guasavito,El Castillo,Nuevo San Miguel,No,Charay,Len Fonseca (Estacin Verdura),Leopoldo Snchez Celis,El Limn de los Ramos,Tamazula,Bachoco,Baborigame,Colonia Independencia (Chinitos),Genaro Estrada,Alfonso G. Caldern (Poblado Siete),Corerepe (El Gallo),Primero de Mayo,Badiraguato,San Pedro,El Burrin,Compuertas,Los ngeles,La Trinidad,Culiacancito,El Estero (Juan Jos Ros),El Centenario,Gustavo Daz Ordaz (El Carrizo),Bagojo Colectivo,Adolfo Lpez Mateos (Jahuara Segundo),Angostura,Todos Santos,Sinaloa de Leyva,Mocorito,Benito Jurez,Adolfo Lpez Mateos (El Tamarindo),Mochicahui,Quil,Guadalupe y Calvo,San Miguel Zapotitln,San Blas,Estacin Naranjo,Pericos,Topolobampo,Constancia,Estacin Bamoa (Campo Wilson),La Reforma,El Diez,San Jos Viejo,Choix,Higuera de Zaragoza,General ngel Flores (La Palma),Las Veredas,Ahome,Las Palmas,El Fuerte,Adolfo Ruiz Cortines,Eldorado,Guachochi,Juan Jos Ros,Licenciado Benito Jurez (Campo Gobierno),Costa Rica,Gabriel Leyva Solano (Benito Jurez),Navolato,Colonia del Sol,Guamchil,Cabo San Lucas,San Jos del Cabo,Guasave,La Paz,Los Mochis,Culiacn Rosales, 
Gabriel Leyva Velzquez,0,78.938,116.834,104.39,100.661,34.087,54.133,78.091,116.217,46.325,49.082,114.348,146.628,61.854,30.948,37.789,207.63,68.798,45.256,47.167,28.497,219.748,165.027,54.188,35.553,433.068,127.558,36.703,81.988,35.228,56.655,173.702,177.575,42.022,59.641,36.422,13.542,172.904,35.523,309.455,105.203,73.757,117.244,81.396,379.286,47.379,94.328,69.373,160.796,64.093,228.885,376.426,66.295,50.16,16.601,137.812,74.692,67.476,33.627,123.012,188.291,472.888,139.902,96.612,161.629,469.259,82.771,453.961,91.558,22.289,236.498,408.115,33.394,186.083,201.545,31.018,172.046,455.745,77.446,452.397,478.433,35.267,301.052,53.321,183.109, 
Cohuibampo,78.938,0,169.447,26.496,44.883,97.331,44,130.704,168.83,98.939,77.591,36.454,199.241,20.905,107.826,90.403,260.243,11.613,97.87,38.888,110.01,272.361,217.64,106.802,60.057,485.681,180.171,121.185,26.21,71.723,44.113,226.315,230.188,94.635,27.555,89.036,92.175,225.517,46.567,291.966,49.424,12.215,61.466,134.009,361.797,127.962,146.941,121.986,213.409,26.309,281.498,429.039,14.337,49.405,101.083,190.425,57.203,29.833,112.014,175.625,240.904,455.399,153.391,18.038,214.242,451.77,4.877,436.472,103.792,58.784,289.111,421.604,47.3,238.696,254.158,67.513,224.659,438.256,130.059,434.908,460.944,87.881,283.563,35.832,235.722, 
Leopoldo Snchez Celis (El Gato de Lara),116.834,169.447,0,202.205,198.476,99.246,151.948,39.233,11.772,102.883,146.896,212.163,34.679,159.669,105.248,88.546,102.836,166.613,95.292,174.345,111.924,114.953,78.333,97.778,133.367,343.131,13.049,142.46,179.803,121.067,154.469,83.765,72.781,84.577,157.456,95.417,113.451,68.109,133.337,407.27,203.017,171.572,215.058,37.414,477.101,117.295,75.406,70.908,56.001,161.907,124.09,286.489,164.11,184.862,122.358,42.016,172.507,165.29,99.764,6.778,83.496,570.703,275.294,194.427,56.834,567.074,180.586,551.776,226.95,119.234,131.703,543.507,131.208,81.288,96.75,109.829,67.251,553.56,57.908,550.212,576.248,90.879,398.867,151.136,89.249, 
Las Grullas Margen Izquierda,104.39,26.496,202.205,0,70.296,122.744,69.413,156.117,194.243,124.352,103.004,11.981,224.654,39.193,133.239,115.816,285.656,37.027,123.283,64.301,135.423,297.774,243.053,132.215,85.47,511.094,205.584,146.598,51.623,97.136,56.563,251.728,255.601,120.048,44.647,114.449,117.588,250.93,71.98,304.738,74.837,30.504,86.879,159.422,374.569,153.375,172.354,147.399,238.822,51.722,306.911,454.452,39.75,74.818,126.496,215.838,69.975,55.246,137.427,201.038,266.317,468.171,178.804,19.14,239.655,464.542,22.281,449.244,129.205,84.197,314.524,447.017,72.713,264.109,279.571,92.926,250.072,451.028,155.472,447.68,473.716,113.294,296.335,47.609,261.135, 
Poblado Nmero Cinco,100.661,44.883,198.476,70.296,0,118.289,64.958,151.663,189.789,119.898,98.55,79.409,220.2,50.951,128.784,111.361,281.202,33.046,118.828,50.987,130.968,293.32,238.599,127.76,81.015,506.64,201.13,142.144,19.012,92.681,65.071,247.274,251.147,115.594,48.513,109.995,113.134,246.476,67.526,312.924,6.15,55.17,18.191,154.968,382.755,148.92,167.9,142.945,234.368,38.408,302.457,449.998,35.295,61.504,122.042,211.384,78.161,41.932,132.972,196.584,261.863,476.357,110.116,61.673,235.201,472.728,47.832,457.43,60.517,79.742,310.07,378.329,68.258,259.655,275.117,88.472,245.618,459.214,151.018,455.866,481.902,108.839,304.521,56.79,256.681, 
El Varal (San Sebastin Nmero Uno),34.087,97.331,99.246,122.744,118.289,0,72.539,53.324,91.45,23.467,67.487,132.754,121.861,80.26,13.802,13.023,182.863,87.204,17.541,94.936,14.533,194.981,140.26,29.421,53.958,408.301,102.791,43.997,100.394,41.658,75.06,148.935,152.808,17.255,78.047,10.166,21.205,148.137,53.928,327.861,123.608,92.163,135.649,56.629,397.692,32.485,69.561,44.606,136.029,82.498,204.118,351.659,84.701,105.453,29.443,113.045,93.098,85.881,17.99,98.245,163.524,491.294,195.885,115.018,136.862,487.665,101.177,472.367,147.541,39.825,211.731,464.098,51.799,161.316,176.778,30.42,147.279,474.151,52.679,470.803,496.839,11.463,319.458,71.727,158.342, 
Cerrillos (Campo 35),54.133,44,151.948,69.413,64.958,72.539,0,106.009,144.135,74.244,52.896,79.316,174.546,26.822,83.13,65.707,235.548,33.766,73.174,19.049,85.314,247.666,192.945,82.106,35.361,460.986,155.476,78.424,46.956,47.027,20.71,201.62,205.493,69.94,24.609,64.341,67.48,200.822,21.872,273.252,70.17,38.725,82.211,109.314,343.083,103.266,122.246,97.291,188.714,10.747,256.803,404.344,31.263,33.702,76.388,165.73,38.489,13.001,87.318,150.93,216.209,436.685,124.133,61.58,189.547,433.056,47.739,417.758,75.79,34.088,264.416,392.347,22.604,214.001,229.463,42.818,199.964,419.542,105.364,416.194,442.23,63.185,264.849,17.119,211.027, 
Alhuey,78.091,130.704,39.233,156.117,151.663,53.324,106.009,0,42.137,57.676,101.689,166.956,72.548,114.462,60.041,43.339,133.55,121.406,50.085,129.138,66.717,145.667,97.76,52.571,88.16,365.8,53.478,97.253,134.596,75.86,109.262,106.434,103.495,39.37,112.249,50.21,68.244,98.823,88.13,362.063,157.81,126.365,169.851,3.899,431.894,72.088,29.547,25.701,86.715,116.7,154.804,309.158,118.903,139.655,77.151,70.544,127.3,120.083,54.557,48.932,114.21,525.496,230.087,149.22,87.548,521.867,135.379,506.569,181.743,74.027,162.417,498.3,86.001,112.002,127.464,64.622,97.965,508.353,12.049,505.005,531.041,45.672,353.66,105.929,119.963, 
Colonia Agrcola Mxico (Palmitas),116.217,168.83,11.772,194.243,189.789,91.45,144.135,42.137,0,100.227,144.24,209.507,32.517,157.013,102.592,85.89,97.127,163.957,92.636,171.689,109.268,109.244,72.624,95.122,130.711,337.917,10.887,139.804,177.147,118.411,151.813,78.551,67.072,81.921,154.8,92.761,110.795,62.4,130.681,404.614,200.361,168.916,212.402,51.419,474.445,114.639,72.751,68.252,50.292,159.251,118.381,281.275,161.454,182.206,119.702,36.802,169.851,162.634,97.108,18.201,77.787,568.047,272.638,191.771,51.125,564.418,177.93,549.12,224.294,116.578,125.994,540.851,128.552,75.579,91.041,107.173,61.542,550.904,55.253,547.556,573.592,88.223,396.211,148.48,83.54, 
El Cubilete (El Cubilete Nmero Uno),46.325,98.939,102.883,124.352,119.898,23.467,74.244,57.676,100.227,0,54.351,134.453,123.119,81.959,32.351,13.187,184.121,88.903,22.395,96.635,36.442,196.239,141.518,8.369,43.371,409.559,104.049,64.75,102.093,28.709,76.759,150.193,154.066,18.513,79.746,17.089,35.741,149.395,55.627,329.56,125.307,93.862,137.348,57.887,399.391,54.07,70.819,45.864,137.287,84.197,205.376,352.917,86.4,107.152,44.648,114.303,94.797,87.58,36.539,99.503,164.782,492.993,197.584,116.717,138.12,489.364,102.876,474.066,149.24,41.524,212.989,465.797,53.498,162.574,178.036,32.119,148.537,475.85,53.937,472.502,498.538,12.535,321.157,73.426,159.6, 
El Cerro Cabezn,49.082,77.591,146.896,103.004,98.55,67.487,52.896,101.689,144.24,54.351,0,111.11,169.477,58.616,78.062,60.639,230.479,65.56,68.106,73.292,80.245,242.597,187.876,62.624,18.8,455.917,150.407,91.421,78.75,25.858,53.417,196.551,200.424,64.871,56.403,59.272,62.411,195.753,32.284,306.217,101.964,70.519,114.005,104.245,376.048,98.197,117.177,92.222,183.645,60.854,251.734,399.275,63.057,83.809,71.319,160.661,71.454,64.237,82.25,145.861,211.14,469.65,174.241,93.374,184.478,466.021,79.533,450.723,125.897,29.02,259.347,442.454,30.155,208.932,224.394,37.749,194.895,452.507,100.295,449.159,475.195,58.116,297.814,50.083,205.958, 
El Colorado,114.348,36.454,212.163,11.981,79.409,132.754,79.316,166.956,209.507,134.453,111.11,0,234.612,49.151,143.197,125.774,295.614,46.985,133.241,74.259,145.381,307.732,253.011,142.173,95.428,521.052,215.542,156.556,61.581,107.094,66.521,261.686,265.559,130.006,54.605,124.407,127.546,260.888,81.938,314.696,84.795,40.462,96.837,169.38,384.527,163.333,182.312,157.357,248.78,61.68,316.869,464.41,49.708,84.776,136.454,225.796,79.933,65.204,147.385,210.996,276.275,478.129,188.762,29.098,249.613,474.5,32.239,459.202,139.163,94.155,324.482,456.975,82.671,274.067,289.529,102.884,260.03,460.986,165.43,457.638,483.674,123.252,306.293,57.567,271.093, 
Juan Aldama (El Tigre),146.628,199.241,34.679,224.654,220.2,121.861,174.546,72.548,32.517,123.119,169.477,234.612,0,184.912,130.491,113.789,75.939,191.856,120.535,199.588,137.167,88.056,46.147,123.021,158.61,325.222,22.413,167.703,205.046,146.31,179.712,65.856,45.884,109.82,182.699,120.66,138.694,35.924,158.58,432.513,228.26,196.815,240.301,79.317,502.344,142.538,100.649,96.151,23.816,187.15,97.193,268.58,189.353,210.105,147.601,27.204,197.75,190.533,125.007,41.108,56.599,595.946,300.537,219.67,29.353,592.317,205.829,577.019,252.193,144.477,104.806,426.522,156.451,54.391,69.853,135.072,41.643,578.803,83.151,575.455,601.491,116.122,424.11,176.379,48.965, 
Mochis (Ejido Mochis),61.854,20.905,159.669,39.193,50.951,80.26,26.822,114.462,157.013,81.959,58.616,49.151,184.912,0,92.925,75.502,245.342,20.961,82.969,38.868,95.109,257.46,202.739,91.901,45.156,470.78,165.27,106.284,34.151,56.822,17.93,211.414,215.287,79.734,6.014,74.135,77.274,210.616,31.666,266.105,57.365,11.504,69.406,119.108,335.936,113.061,132.04,107.085,198.508,21.923,266.597,414.138,18.457,49.385,86.182,175.524,31.342,29.813,97.113,160.724,226.003,429.538,139.816,32.178,199.341,425.909,17.556,410.611,91.472,43.883,274.21,408.03,32.399,223.795,239.257,52.612,209.758,412.395,115.158,409.047,435.083,72.98,257.702,8.976,220.821, 
Bamoa,30.948,107.826,105.248,133.239,128.784,13.802,83.13,60.041,102.592,32.351,78.062,143.197,130.491,92.925,0,19.185,189.424,97.549,10.074,105.281,4.605,201.542,146.821,35.983,64.303,414.862,109.352,34.07,110.739,52.003,85.405,155.496,159.369,23.816,88.392,26.353,18.161,154.698,64.273,338.206,133.953,102.508,145.994,63.19,408.037,22.216,76.122,51.167,142.59,92.843,210.679,358.22,95.046,80.681,26.399,119.606,103.443,96.226,4.685,104.806,170.085,501.639,170.423,125.363,143.423,498.01,111.522,482.712,122.079,50.171,218.292,438.636,62.144,167.877,183.339,40.765,153.84,484.496,59.24,481.148,507.184,21.815,329.803,82.072,164.903, 
Callejones de Guasavito,37.789,90.403,88.546,115.816,111.361,13.023,65.707,43.339,85.89,13.187,60.639,125.774,113.789,75.502,19.185,0,171.016,80.625,8.988,88.357,23.614,183.134,128.413,17.575,47.379,396.454,90.944,56.472,93.815,35.079,68.481,137.088,140.961,5.408,71.468,9.429,27.463,136.29,47.349,321.282,117.029,85.584,129.07,44.782,391.113,40.664,57.714,32.759,124.182,75.919,192.271,339.812,78.122,98.874,36.37,101.198,86.519,79.302,23.133,86.398,151.677,484.715,189.306,108.439,125.015,481.086,94.598,465.788,140.962,33.247,199.884,457.519,45.22,149.469,164.931,23.841,135.432,467.572,40.832,464.224,490.26,3.091,312.879,65.148,146.495, 
El Castillo,207.63,260.243,102.836,285.656,281.202,182.863,235.548,133.55,97.127,184.121,230.479,295.614,75.939,245.342,189.424,171.016,0,255.336,184.015,263.068,200.647,72.122,71.646,186.501,222.09,393.814,96.489,231.183,268.526,209.79,243.192,134.448,38.452,173.3,246.179,184.14,202.174,55.348,222.06,495.993,291.74,260.295,303.781,142.797,565.824,206.018,164.129,159.631,53.362,250.63,81.259,337.172,252.833,273.585,211.081,100.952,261.23,254.013,188.487,115.183,45.406,659.426,364.017,283.15,40.833,655.797,269.309,640.499,315.673,207.957,88.872,495.114,219.931,29.129,53.168,198.552,29.302,642.283,146.631,638.935,664.971,179.602,487.59,239.859,54.131, 
Nuevo San Miguel,68.798,11.613,166.613,37.027,33.046,87.204,33.766,121.406,163.957,88.903,65.56,46.985,191.856,20.961,97.549,80.625,255.336,0,87.807,28.665,99.947,262.298,207.577,96.739,49.994,475.618,170.108,111.122,15.816,61.66,34.05,216.252,220.125,84.572,17.492,78.973,82.112,215.454,36.504,281.903,39.031,24.149,51.072,123.946,351.734,117.899,136.878,111.923,203.346,16.086,271.435,418.976,4.274,39.182,91.02,180.362,47.14,19.61,101.951,165.562,230.841,445.336,142.997,30.652,204.179,441.707,16.811,426.409,93.398,48.721,279.048,411.21,37.237,228.633,244.095,57.45,214.596,428.193,119.996,424.845,450.881,77.818,273.5,25.769,225.659, 
No,45.256,97.87,95.292,123.283,118.828,17.541,73.174,50.085,92.636,22.395,68.106,133.241,120.535,82.969,10.074,8.988,184.015,87.807,0,95.207,14.627,191.468,136.747,25.909,54.229,404.788,99.278,53.1,100.665,41.929,75.331,145.422,149.295,13.742,78.318,16.279,34.313,144.624,54.199,328.132,123.879,92.434,135.92,53.116,397.963,31.676,66.048,41.093,132.516,82.769,200.605,348.146,84.972,105.724,43.22,109.532,93.369,86.152,14.145,94.732,160.011,491.565,196.156,115.289,133.349,487.936,101.448,472.638,147.812,40.097,208.218,464.369,52.07,157.803,173.265,30.691,143.766,474.422,49.166,471.074,497.11,11.741,319.729,71.998,154.829, 
Charay,47.167,38.888,174.345,64.301,50.987,94.936,19.049,129.138,171.689,96.635,73.292,74.259,199.588,38.868,105.281,88.357,263.068,28.665,95.207,0,109.076,271.428,216.707,105.868,59.123,484.748,179.238,55.473,32.298,70.789,43.179,225.382,229.255,93.702,36.723,88.103,91.242,224.584,45.634,291.032,62.314,50.839,40.805,133.076,360.863,77.737,146.008,121.053,212.476,14.266,280.565,428.106,28.962,10.752,71.301,189.492,56.269,10.673,111.081,174.692,239.971,454.465,101.183,59.714,213.309,450.836,45.873,435.538,52.839,57.85,288.178,369.397,46.366,237.763,253.225,66.58,223.726,437.322,129.126,433.974,460.01,86.947,282.629,34.898,234.789, 
Len Fonseca (Estacin Verdura),28.497,110.01,111.924,135.423,130.968,14.533,85.314,66.717,109.268,36.442,80.245,145.381,137.167,95.109,4.605,23.614,200.647,99.947,14.627,109.076,0,207.659,152.938,42.099,66.636,420.979,115.469,30.365,113.072,54.336,87.738,161.613,165.486,29.933,90.725,25.303,15.623,160.815,66.606,340.539,136.286,104.841,148.327,69.307,410.37,18.852,82.239,57.284,148.707,95.176,216.796,364.337,97.379,76.976,23.861,125.723,105.776,98.559,7.198,110.923,176.202,503.972,166.718,127.696,149.54,500.343,113.855,485.045,118.374,52.503,224.409,434.931,64.477,173.994,189.456,43.098,159.957,486.829,65.357,483.481,509.517,24.141,332.136,84.405,171.02, 
Leopoldo Snchez Celis,219.748,272.361,114.953,297.774,293.32,194.981,247.666,145.667,109.244,196.239,242.597,307.732,88.056,257.46,201.542,183.134,72.122,262.298,191.468,271.428,207.659,0,63.166,187.708,223.297,385.334,97.697,232.39,269.733,210.997,244.399,125.968,51.225,174.507,247.386,185.347,203.381,56.555,223.267,497.2,292.947,261.502,304.988,144.005,567.031,207.225,165.337,160.839,62.63,251.837,27.497,328.692,254.04,274.792,212.288,92.472,262.437,255.22,189.694,116.391,34.252,660.633,365.224,284.357,58.07,657.004,270.516,641.706,316.88,209.164,17.972,486.634,221.138,37.338,20.805,199.759,66.522,643.49,147.839,640.142,666.178,180.809,488.797,241.066,45.658, 
El Limn de los Ramos,165.027,217.64,78.333,243.053,238.599,140.26,192.945,97.76,72.624,141.518,187.876,253.011,46.147,202.739,146.821,128.413,71.646,207.577,136.747,216.707,152.938,63.166,0,138.596,174.185,322.714,66.856,183.278,220.621,161.885,195.287,63.348,38.732,125.395,198.274,136.235,154.269,18.396,174.155,448.088,243.835,212.39,255.876,100.954,517.919,158.113,104.013,97.091,26.044,202.725,76.67,266.072,204.928,225.68,163.176,29.851,213.325,206.108,140.582,85.55,35.153,611.521,316.112,235.245,27.014,607.892,221.404,592.594,267.768,160.052,91.554,424.014,172.026,51.18,54.836,150.647,35.696,594.378,87.884,591.03,617.066,131.697,439.685,191.954,23.897, 
Tamazula,54.188,106.802,97.778,132.215,127.76,29.421,82.106,52.571,95.122,8.369,62.624,142.173,123.021,91.901,35.983,17.575,186.501,96.739,25.909,105.868,42.099,187.708,138.596,0,51.644,406.766,101.256,73.379,110.722,36.982,85.388,147.4,151.273,15.653,88.375,26.336,44.37,146.602,64.256,338.189,133.936,102.491,145.977,55.094,408.02,57.57,68.026,43.071,134.494,92.826,202.583,350.124,95.029,115.781,53.277,111.51,103.426,96.209,40.039,96.71,161.989,501.622,206.213,125.346,135.327,497.993,111.505,482.695,157.869,50.154,210.196,474.426,62.127,159.781,175.243,40.748,145.744,484.479,51.144,481.131,507.167,20.808,329.786,82.055,156.807, 
Bachoco,35.553,60.057,133.367,85.47,81.015,53.958,35.361,88.16,130.711,43.371,18.8,95.428,158.61,45.156,64.303,47.379,222.09,49.994,54.229,59.123,66.636,223.297,174.185,51.644,0,442.352,136.842,77.856,63.2,14.877,37.867,182.986,186.859,51.306,40.853,45.707,48.846,182.188,16.734,290.667,86.414,54.969,98.455,90.68,360.498,84.633,103.612,78.657,170.08,45.304,238.169,385.71,47.507,68.259,57.754,147.096,55.904,48.687,68.685,132.296,197.575,454.1,158.691,77.824,170.913,450.471,63.983,435.173,110.347,15.455,245.782,426.904,14.605,195.367,210.829,24.184,181.33,436.957,86.73,433.609,459.645,44.552,282.264,34.533,192.393, 
Baborigame,433.068,485.681,343.131,511.094,506.64,408.301,460.986,365.8,337.917,409.559,455.917,521.052,325.222,470.78,414.862,396.454,393.814,475.618,404.788,484.748,420.979,385.334,322.714,406.766,442.352,0,330.827,451.383,488.726,429.99,463.392,260.208,355.773,393.5,466.379,404.34,422.374,336.397,442.26,716.193,511.94,480.495,523.981,369.058,786.024,426.218,312.788,365.195,325.839,470.83,393.711,68.871,473.033,493.785,431.281,297.956,481.43,474.213,408.687,349.521,352.194,879.626,327.717,503.35,345.015,875.997,489.509,860.699,377.165,428.157,408.595,101.3,440.131,368.221,371.877,418.752,371.07,862.483,355.989,859.135,885.171,399.802,707.79,460.059,340.939, 
Colonia Independencia (Chinitos),127.558,180.171,13.049,205.584,201.13,102.791,155.476,53.478,10.887,104.049,150.407,215.542,22.413,165.27,109.352,90.944,96.489,170.108,99.278,179.238,115.469,97.697,66.856,101.256,136.842,330.827,0,146.821,184.164,125.428,158.83,71.499,60.516,88.938,161.817,99.778,117.812,55.844,137.698,411.631,207.378,175.933,219.419,58.435,481.462,121.656,79.767,75.269,43.736,166.268,111.825,274.223,168.471,189.223,126.719,29.75,176.868,169.651,104.125,19.479,71.231,575.064,279.655,198.788,44.569,571.435,184.947,556.137,231.311,123.595,119.438,432.165,135.569,69.023,84.485,114.19,54.986,557.921,62.269,554.573,580.609,95.24,403.228,155.497,76.984, 
Genaro Estrada,36.703,121.185,142.46,146.598,142.144,43.997,78.424,97.253,139.804,64.75,91.421,156.556,167.703,106.284,34.07,56.472,231.183,111.122,53.1,55.473,30.365,232.39,183.278,73.379,77.856,451.383,146.821,0,86.795,65.559,98.961,192.116,195.989,60.436,101.948,54.836,29.009,191.318,77.829,351.762,147.509,116.064,80.17,99.81,421.593,22.584,112.742,87.787,179.21,68.762,247.299,394.84,108.602,46.932,20.102,156.226,116.999,65.169,39.013,141.426,206.705,515.195,136.674,138.919,180.043,511.566,125.078,496.268,88.33,63.726,254.912,404.887,75.7,204.497,219.959,54.321,190.46,498.052,95.86,494.704,520.74,53.681,343.359,95.628,201.523, 
Alfonso G. Caldern (Poblado Siete),81.988,26.21,179.803,51.623,19.012,100.394,46.956,134.596,177.147,102.093,78.75,61.581,205.046,34.151,110.739,93.815,268.526,15.816,100.665,32.298,113.072,269.733,220.621,110.722,63.2,488.726,184.164,86.795,0,75.044,47.434,229.636,233.509,97.956,30.876,92.357,95.496,228.838,49.888,295.287,24.384,37.533,36.425,137.33,365.118,131.283,150.262,125.307,216.73,19.392,284.819,432.36,17.658,42.488,104.404,193.746,60.524,22.916,115.335,178.946,244.225,458.72,128.35,44.036,217.563,455.091,30.195,439.793,78.751,62.105,292.432,396.563,50.621,242.017,257.479,70.834,227.98,441.577,133.38,438.229,464.265,91.202,286.884,39.153,239.043, 
Corerepe (El Gallo),35.228,71.723,121.067,97.136,92.681,41.658,47.027,75.86,118.411,28.709,25.858,107.094,146.31,56.822,52.003,35.079,209.79,61.66,41.929,70.789,54.336,210.997,161.885,36.982,14.877,429.99,125.428,65.559,75.044,0,49.578,170.675,174.548,38.995,52.564,33.396,36.535,169.877,28.446,302.378,98.126,66.68,110.167,78.369,372.209,72.322,91.301,66.346,157.769,57.016,225.858,373.399,59.218,79.971,45.443,134.785,67.615,60.399,56.374,119.985,185.264,465.811,170.403,89.535,158.602,462.182,75.694,446.884,122.059,13.059,233.471,438.616,26.317,183.056,198.518,11.873,169.019,448.668,74.419,445.32,471.356,32.241,293.975,46.244,180.082, 
Primero de Mayo,56.655,44.113,154.469,56.563,65.071,75.06,20.71,109.262,151.813,76.759,53.417,66.521,179.712,17.93,85.405,68.481,243.192,34.05,75.331,43.179,87.738,244.399,195.287,85.388,37.867,463.392,158.83,98.961,47.434,49.578,0,196.56,200.433,64.88,18.664,59.281,62.42,195.762,16.812,262.989,71.088,28.888,83.129,104.254,332.82,98.206,117.186,92.231,183.654,29.978,251.743,399.284,32.181,52.933,71.328,160.67,28.226,33.361,82.259,145.87,211.149,426.422,143.365,49.561,184.487,422.793,34.94,407.495,95.021,29.029,259.356,411.578,17.544,208.941,224.403,37.758,194.904,409.279,100.304,405.931,431.967,58.125,254.586,10.069,205.967, 
Badiraguato,173.702,226.315,83.765,251.728,247.274,148.935,201.62,106.434,78.551,150.193,196.551,261.686,65.856,211.414,155.496,137.088,134.448,216.252,145.422,225.382,161.613,125.968,63.348,147.4,182.986,260.208,71.499,192.116,229.636,170.675,196.56,0,96.423,134.15,207.029,144.99,163.024,77.047,182.91,456.843,252.59,221.145,264.631,109.708,526.674,166.868,56.265,105.845,66.489,211.48,134.361,203.56,213.683,234.435,171.931,38.606,222.08,214.863,149.337,90.171,92.844,620.276,324.867,244,85.665,616.647,230.159,601.349,276.523,168.807,149.245,361.502,180.781,108.871,112.527,159.402,111.72,603.133,96.639,599.785,625.821,140.452,448.44,200.709,81.589, 
San Pedro,177.575,230.188,72.781,255.601,251.147,152.808,205.493,103.495,67.072,154.066,200.424,265.559,45.884,215.287,159.369,140.961,38.452,220.125,149.295,229.255,165.486,51.225,38.732,151.273,186.859,355.773,60.516,195.989,233.509,174.548,200.433,96.423,0,136.184,209.063,147.024,165.058,10.815,184.944,458.877,254.624,223.179,266.665,105.681,528.708,168.902,127.013,122.515,24.307,213.514,67.404,299.804,215.717,236.469,173.965,63.584,224.114,216.897,151.371,78.067,18.616,622.31,326.901,246.034,19.747,618.681,232.193,603.383,278.557,170.841,75.017,457.746,182.815,13.346,38.299,161.436,15.509,605.167,109.515,601.819,627.855,142.486,450.474,202.743,16.763, 
El Burrin,42.022,94.635,84.577,120.048,115.594,17.255,69.94,39.37,81.921,18.513,64.871,130.006,109.82,79.734,23.816,5.408,173.3,84.572,13.742,93.702,29.933,174.507,125.395,15.653,51.306,393.5,88.938,60.436,97.956,38.995,64.88,134.15,136.184,0,75.5,13.461,31.496,130.857,51.382,325.314,121.062,89.616,133.103,39.349,395.145,45.012,52.281,27.326,118.749,79.952,186.838,334.379,82.154,102.907,40.403,95.765,90.551,83.335,27.481,80.965,146.244,488.747,193.339,112.471,119.582,485.118,98.63,469.82,144.995,37.279,194.451,461.552,49.253,144.036,159.498,27.874,129.999,471.604,35.399,468.256,494.292,8.924,316.911,69.18,141.062, 
Compuertas,59.641,27.555,157.456,44.647,48.513,78.047,24.609,112.249,154.8,79.746,56.403,54.605,182.699,6.014,88.392,71.468,246.179,17.492,78.318,36.723,90.725,247.386,198.274,88.375,40.853,466.379,161.817,101.948,30.876,52.564,18.664,207.029,209.063,75.5,0,69.802,72.941,206.283,27.333,266.859,53.942,15.609,65.984,114.775,336.69,108.728,127.707,102.752,194.175,24.487,262.264,409.805,15.035,47.443,81.849,171.191,32.096,27.87,92.78,156.391,221.67,430.292,137.874,36.282,195.008,426.663,21.661,411.365,89.53,39.55,269.877,406.087,28.066,219.462,234.924,48.279,205.425,413.149,110.825,409.801,435.837,68.647,258.456,9.73,216.488, 
Los ngeles,36.422,89.036,95.417,114.449,109.995,10.166,64.341,50.21,92.761,17.089,59.272,124.407,120.66,74.135,26.353,9.429,184.14,78.973,16.279,88.103,25.303,185.347,136.235,26.336,45.707,404.34,99.778,54.836,92.357,33.396,59.281,144.99,147.024,13.461,69.802,0,24.222,142.678,44.108,318.041,113.788,82.343,125.829,51.17,387.872,42.444,64.102,39.147,130.57,72.678,198.659,346.2,74.881,95.633,33.129,107.586,83.278,76.061,27.949,92.786,158.065,481.474,186.065,105.198,131.403,477.845,91.357,462.547,137.721,30.005,206.272,454.278,41.979,155.857,171.319,20.6,141.82,464.331,47.22,460.983,487.019,6.004,309.638,61.907,152.883, 
La Trinidad,13.542,92.175,113.451,117.588,113.134,21.205,67.48,68.244,110.795,35.741,62.411,127.546,138.694,77.274,18.161,27.463,202.174,82.112,34.313,91.242,15.623,203.381,154.269,44.37,48.846,422.374,117.812,29.009,95.496,36.535,62.42,163.024,165.058,31.496,72.941,24.222,0,162.309,48.82,322.753,118.5,87.055,130.541,70.801,392.584,34.506,83.733,58.778,150.201,77.39,218.29,365.831,79.593,71.667,8.907,127.217,87.99,80.773,20.754,112.417,177.696,486.186,161.409,109.91,151.034,482.557,96.069,467.259,113.065,34.717,225.903,429.622,46.691,175.488,190.95,25.312,161.451,469.043,66.851,465.695,491.731,24.672,314.35,66.619,172.514, 
Culiacancito,172.904,225.517,68.109,250.93,246.476,148.137,200.822,98.823,62.4,149.395,195.753,260.888,35.924,210.616,154.698,136.29,55.348,215.454,144.624,224.584,160.815,56.555,18.396,146.602,182.188,336.397,55.844,191.318,228.838,169.877,195.762,77.047,10.815,130.857,206.283,142.678,162.309,0,181.002,454.935,250.682,219.237,262.723,101.74,524.766,164.96,123.072,118.573,15.809,209.572,73.884,279.519,211.775,232.527,170.023,43.298,220.172,212.955,147.429,74.125,20.974,618.368,322.959,242.092,15.161,614.739,228.251,599.441,274.615,166.899,81.497,437.461,178.873,24.946,40.657,157.494,23.843,601.225,105.574,597.877,623.913,138.544,446.532,198.801,13.926, 
El Estero (Juan Jos Ros),35.523,46.567,133.337,71.98,67.526,53.928,21.872,88.13,130.681,55.627,32.284,81.938,158.58,31.666,64.273,47.349,222.06,36.504,54.199,45.634,66.606,223.267,174.155,64.256,16.734,442.26,137.698,77.829,49.888,28.446,16.812,182.91,184.944,51.382,27.333,44.108,48.82,181.002,0,280.04,75.787,44.341,87.828,90.688,349.871,84.64,103.62,78.665,170.088,34.677,238.177,385.718,36.879,57.632,57.762,147.104,45.277,38.06,68.693,132.304,197.583,443.473,148.064,67.197,170.921,439.844,53.356,424.546,99.72,15.463,245.79,416.277,2.388,195.375,210.837,24.192,181.338,426.33,86.738,422.982,449.018,44.559,271.637,23.906,192.401, 
El Centenario,309.455,291.966,407.27,304.738,312.924,327.861,273.252,362.063,404.614,329.56,306.217,314.696,432.513,266.105,338.206,321.282,495.993,281.903,328.132,291.032,340.539,497.2,448.088,338.189,290.667,716.193,411.631,351.762,295.287,302.378,262.989,456.843,458.877,325.314,266.859,318.041,322.753,454.935,280.04,0,318.582,276.443,330.624,364.778,93.349,358.73,377.71,352.755,444.178,277.473,512.267,659.808,279.675,300.428,331.852,421.194,236.256,280.856,342.783,406.394,471.673,186.951,390.86,297.362,445.011,183.322,282.741,168.024,342.516,289.552,519.88,659.073,278.068,469.465,484.927,298.282,455.428,169.808,360.828,166.46,192.496,318.649,16.423,257.889,466.491, 
Gustavo Daz Ordaz (El Carrizo),105.203,49.424,203.017,74.837,6.15,123.608,70.17,157.81,200.361,125.307,101.964,84.795,228.26,57.365,133.953,117.029,291.74,39.031,123.879,62.314,136.286,292.947,243.835,133.936,86.414,511.94,207.378,147.509,24.384,98.126,71.088,252.59,254.624,121.062,53.942,113.788,118.5,250.682,75.787,318.582,0,61.775,12.392,161.573,389.361,155.525,174.505,149.55,240.973,45.014,309.062,456.603,41.901,46.391,128.647,217.989,84.767,48.538,139.578,203.189,268.468,482.963,104.317,68.278,241.806,479.334,54.437,464.036,54.718,86.348,316.675,372.53,74.863,266.26,281.722,95.077,252.223,465.82,157.623,462.472,488.508,115.444,311.127,63.396,263.286, 
Bagojo Colectivo,73.757,12.215,171.572,30.504,55.17,92.163,38.725,126.365,168.916,93.862,70.519,40.462,196.815,11.504,102.508,85.584,260.295,24.149,92.434,50.839,104.841,261.502,212.39,102.491,54.969,480.495,175.933,116.064,37.533,66.68,28.888,221.145,223.179,89.616,15.609,82.343,87.055,219.237,44.341,276.443,61.775,0,73.637,127.406,345.204,121.359,140.338,115.383,206.806,29.276,274.895,422.436,22.689,60.074,94.48,183.822,40.61,40.501,105.411,169.022,234.301,438.806,150.505,31.283,207.639,435.177,16.661,419.879,102.161,52.181,282.508,418.718,40.697,232.093,247.555,60.91,218.056,421.663,123.456,418.315,444.351,81.278,266.97,18.244,229.119, 
Adolfo Lpez Mateos (Jahuara Segundo),117.244,61.466,215.058,86.879,18.191,135.649,82.211,169.851,212.402,137.348,114.005,96.837,240.301,69.406,145.994,129.07,303.781,51.072,135.92,40.805,148.327,304.988,255.876,145.977,98.455,523.981,219.419,80.17,36.425,110.167,83.129,264.631,266.665,133.103,65.984,125.829,130.541,262.723,87.828,330.624,12.392,73.637,0,173.787,401.575,102.882,186.719,161.764,253.187,40.092,321.276,468.817,54.115,34.483,140.861,230.203,96.981,41.766,151.792,215.403,280.682,495.177,96.283,80.492,254.02,491.548,66.651,476.25,46.684,98.562,328.889,364.496,87.077,278.474,293.936,107.291,264.437,478.034,169.837,474.686,500.722,127.658,323.341,75.61,275.5, 
Angostura,81.396,134.009,37.414,159.422,154.968,56.629,109.314,3.899,51.419,57.887,104.245,169.38,79.317,119.108,63.19,44.782,142.797,123.946,53.116,133.076,69.307,144.005,100.954,55.094,90.68,369.058,58.435,99.81,137.33,78.369,104.254,109.708,105.681,39.349,114.775,51.17,70.801,101.74,90.688,364.778,161.573,127.406,173.787,0,435.199,75.393,32.852,29.006,90.02,120.005,158.109,312.463,122.208,142.96,80.456,73.849,130.605,123.388,57.862,43.593,117.515,528.801,233.392,152.525,90.853,525.172,138.684,509.874,185.048,77.332,165.722,501.605,89.306,115.307,130.769,67.927,101.27,511.658,15.354,508.31,534.346,48.977,356.965,109.234,123.268, 
Todos Santos,379.286,361.797,477.101,374.569,382.755,397.692,343.083,431.894,474.445,399.391,376.048,384.527,502.344,335.936,408.037,391.113,565.824,351.734,397.963,360.863,410.37,567.031,517.919,408.02,360.498,786.024,481.462,421.593,365.118,372.209,332.82,526.674,528.708,395.145,336.69,387.872,392.584,524.766,349.871,93.349,389.361,345.204,401.575,435.199,0,428.629,447.609,422.654,514.077,347.372,582.166,729.707,349.574,370.327,401.751,491.093,306.155,350.755,412.682,476.293,541.572,117.97,460.759,367.261,514.91,120.17,352.64,78.497,412.415,359.451,589.779,728.972,347.967,539.364,554.826,368.181,525.327,80.281,430.727,76.933,113.977,388.548,81.221,327.788,536.39, 
Sinaloa de Leyva,47.379,127.962,117.295,153.375,148.92,32.485,103.266,72.088,114.639,54.07,98.197,163.333,142.538,113.061,22.216,40.664,206.018,117.899,31.676,77.737,18.852,207.225,158.113,57.57,84.633,426.218,121.656,22.584,131.283,72.322,98.206,166.868,168.902,45.012,108.728,42.444,34.506,164.96,84.64,358.73,155.525,121.359,102.882,75.393,428.629,0,63.324,68.286,159.709,91.026,227.798,375.339,115.354,69.196,28.463,136.725,123.751,87.433,17.589,121.925,187.204,521.947,158.938,145.671,160.542,518.318,131.83,503.02,110.594,70.478,235.411,427.151,82.452,184.996,200.458,61.073,170.959,504.804,76.359,501.456,527.492,42.116,350.111,102.38,182.022, 
Mocorito,94.328,146.941,75.406,172.354,167.9,69.561,122.246,29.547,72.751,70.819,117.177,182.312,100.649,132.04,76.122,57.714,164.129,136.878,66.048,146.008,82.239,165.337,104.013,68.026,103.612,312.788,79.767,112.742,150.262,91.301,117.186,56.265,127.013,52.281,127.707,64.102,83.733,123.072,103.62,377.71,174.505,140.338,186.719,32.852,447.609,63.324,0,26.541,112.483,132.176,180.572,255.907,134.379,155.131,92.627,75.819,142.776,135.559,70.033,74.7,132.372,540.972,245.563,164.696,113.316,537.343,150.855,522.045,197.219,89.503,188.185,513.776,101.477,137.77,153.232,80.098,123.733,523.829,17.334,520.481,546.517,61.148,369.136,121.405,121.117, 
Benito Jurez,69.373,121.986,70.908,147.399,142.945,44.606,97.291,25.701,68.252,45.864,92.222,157.357,96.151,107.085,51.167,32.759,159.631,111.923,41.093,121.053,57.284,160.839,97.091,43.071,78.657,365.195,75.269,87.787,125.307,66.346,92.231,105.845,122.515,27.326,102.752,39.147,58.778,118.573,78.665,352.755,149.55,115.383,161.764,29.006,422.654,68.286,26.541,0,108.485,107.153,176.574,309.055,109.356,130.108,67.604,70.44,117.753,110.536,45.01,70.702,135.98,515.949,220.54,139.673,109.318,512.32,125.832,497.022,172.196,64.48,184.187,488.753,76.454,133.772,149.234,55.075,119.735,498.806,10.074,495.458,521.494,36.125,344.113,96.382,115.738, 
Adolfo Lpez Mateos (El Tamarindo),160.796,213.409,56.001,238.822,234.368,136.029,188.714,86.715,50.292,137.287,183.645,248.78,23.816,198.508,142.59,124.182,53.362,203.346,132.516,212.476,148.707,62.63,26.044,134.494,170.08,325.839,43.736,179.21,216.73,157.769,183.654,66.489,24.307,118.749,194.175,130.57,150.201,15.809,170.088,444.178,240.973,206.806,253.187,90.02,514.077,159.709,112.483,108.485,0,195.506,79.803,269.084,197.709,218.461,155.957,32.863,206.106,198.889,133.363,60.059,39.209,604.302,308.893,228.026,11.963,600.673,214.185,585.375,260.549,152.833,87.416,427.026,164.807,37.001,52.463,143.428,24.253,587.159,91.507,583.811,609.847,124.478,432.466,184.735,29.069, 
Mochicahui,64.093,26.309,161.907,51.722,38.408,82.498,10.747,116.7,159.251,84.197,60.854,61.68,187.15,21.923,92.843,75.919,250.63,16.086,82.769,14.266,95.176,251.837,202.725,92.826,45.304,470.83,166.268,68.762,19.392,57.016,29.978,211.48,213.514,79.952,24.487,72.678,77.39,209.572,34.677,277.473,45.014,29.276,40.092,120.005,347.372,91.026,132.176,107.153,195.506,0,267.263,414.804,15.491,24.038,86.848,176.19,42.967,4.465,97.779,161.39,226.669,441.163,114.469,46.243,200.007,437.534,32.402,422.236,66.125,44.548,274.876,382.682,33.064,224.461,239.923,53.278,210.424,424.02,115.824,420.672,446.708,73.645,269.327,21.596,221.487, 
Quil,228.885,281.498,124.09,306.911,302.457,204.118,256.803,154.804,118.381,205.376,251.734,316.869,97.193,266.597,210.679,192.271,81.259,271.435,200.605,280.565,216.796,27.497,76.67,202.583,238.169,393.711,111.825,247.299,284.819,225.858,251.743,134.361,67.404,186.838,262.264,198.659,218.29,73.884,238.177,512.267,309.062,274.895,321.276,158.109,582.166,227.798,180.572,176.574,79.803,267.263,0,343.575,268.615,289.367,226.863,107.355,277.012,269.795,204.269,130.966,49.135,675.208,379.799,298.932,72.645,671.579,285.091,656.281,331.455,223.739,20.522,501.517,235.713,51.913,39.713,214.334,78.399,658.065,162.414,654.717,680.753,195.384,503.372,255.641,60.541, 
Guadalupe y Calvo,376.426,429.039,286.489,454.452,449.998,351.659,404.344,309.158,281.275,352.917,399.275,464.41,268.58,414.138,358.22,339.812,337.172,418.976,348.146,428.106,364.337,328.692,266.072,350.124,385.71,68.871,274.223,394.84,432.36,373.399,399.284,203.56,299.804,334.379,409.805,346.2,365.831,279.519,385.718,659.808,456.603,422.436,468.817,312.463,729.707,375.339,255.907,309.055,269.084,414.804,343.575,0,416.392,437.144,374.64,241.315,424.789,417.572,352.046,292.88,295.553,822.985,527.576,446.709,288.374,819.356,432.868,804.058,479.232,371.516,351.954,170.172,383.49,311.58,315.236,362.111,314.429,805.842,299.348,802.494,828.53,343.161,651.149,403.418,284.298, 
San Miguel Zapotitln,66.295,14.337,164.11,39.75,35.295,84.701,31.263,118.903,161.454,86.4,63.057,49.708,189.353,18.457,95.046,78.122,252.833,4.274,84.972,28.962,97.379,254.04,204.928,95.029,47.507,473.033,168.471,108.602,17.658,59.218,32.181,213.683,215.717,82.154,15.035,74.881,79.593,211.775,36.879,279.675,41.901,22.689,54.115,122.208,349.574,115.354,134.379,109.356,197.709,15.491,268.615,416.392,0,38.728,88.9,178.242,45.019,19.155,99.831,163.442,228.721,443.215,143.698,31.141,202.059,439.586,17.3,424.288,94.099,46.6,276.928,411.911,35.116,226.513,241.975,55.33,212.476,426.072,117.876,422.724,448.76,75.697,271.379,23.648,223.539, 
San Blas,50.16,49.405,184.862,74.818,61.504,105.453,33.702,139.655,182.206,107.152,83.809,84.776,210.105,49.385,80.681,98.874,273.585,39.182,105.724,10.752,76.976,274.792,225.68,115.781,68.259,493.785,189.223,46.932,42.488,79.971,52.933,234.435,236.469,102.907,47.443,95.633,71.667,232.527,57.632,300.428,46.391,60.074,34.483,142.96,370.327,69.196,155.131,130.108,218.461,24.038,289.367,437.144,38.728,0,62.364,199.535,66.312,20.715,85.228,184.735,250.014,464.508,91.084,69.757,223.352,460.879,55.916,445.581,42.74,67.893,298.221,359.298,56.409,247.806,263.268,76.623,233.769,447.365,139.169,444.017,470.053,96.99,292.672,44.941,244.832, 
Estacin Naranjo,16.601,101.083,122.358,126.496,122.042,29.443,76.388,77.151,119.702,44.648,71.319,136.454,147.601,86.182,26.399,36.37,211.081,91.02,43.22,71.301,23.861,212.288,163.176,53.277,57.754,431.281,126.719,20.102,104.404,45.443,71.328,171.931,173.965,40.403,81.849,33.129,8.907,170.023,57.762,331.852,128.647,94.48,140.861,80.456,401.751,28.463,92.627,67.604,155.957,86.848,226.863,374.64,88.9,62.364,0,136.124,96.897,89.68,28.992,121.324,186.603,495.093,152.502,118.817,159.941,491.464,104.976,476.166,104.158,43.624,234.81,420.715,55.598,184.395,199.857,34.219,170.358,477.95,75.758,474.602,500.638,33.579,323.257,75.526,181.421, 
Pericos,137.812,190.425,42.016,215.838,211.384,113.045,165.73,70.544,36.802,114.303,160.661,225.796,27.204,175.524,119.606,101.198,100.952,180.362,109.532,189.492,125.723,92.472,29.851,111.51,147.096,297.956,29.75,156.226,193.746,134.785,160.67,38.606,63.584,95.765,171.191,107.586,127.217,43.298,147.104,421.194,217.989,183.822,230.203,73.849,491.093,136.725,75.819,70.44,32.863,176.19,107.355,241.315,178.242,199.535,136.124,0,186.252,179.035,113.509,51.562,59.311,584.448,289.039,208.172,52.131,580.819,194.331,565.521,240.695,132.979,115.712,399.314,144.953,75.338,78.994,123.574,78.187,567.305,60.81,563.957,589.993,104.624,412.612,164.881,48.055, 
Topolobampo,74.692,57.203,172.507,69.975,78.161,93.098,38.489,127.3,169.851,94.797,71.454,79.933,197.75,31.342,103.443,86.519,261.23,47.14,93.369,56.269,105.776,262.437,213.325,103.426,55.904,481.43,176.868,116.999,60.524,67.615,28.226,222.08,224.114,90.551,32.096,83.278,87.99,220.172,45.277,236.256,84.767,40.61,96.981,130.605,306.155,123.751,142.776,117.753,206.106,42.967,277.012,424.789,45.019,66.312,96.897,186.252,0,45.832,107.759,171.37,236.649,399.479,155.836,62.337,209.987,395.85,47.716,380.552,107.492,54.528,284.856,424.049,43.044,234.441,249.903,63.258,220.404,382.336,125.804,378.988,405.024,83.625,227.643,22.865,231.467, 
Constancia,67.476,29.833,165.29,55.246,41.932,85.881,13.001,120.083,162.634,87.58,64.237,65.204,190.533,29.813,96.226,79.302,254.013,19.61,86.152,10.673,98.559,255.22,206.108,96.209,48.687,474.213,169.651,65.169,22.916,60.399,33.361,214.863,216.897,83.335,27.87,76.061,80.773,212.955,38.06,280.856,48.538,40.501,41.766,123.388,350.755,87.433,135.559,110.536,198.889,4.465,269.795,417.572,19.155,20.715,89.68,179.035,45.832,0,101.278,164.889,230.168,444.662,110.6,49.911,203.506,441.033,36.07,425.735,62.256,48.047,278.375,378.813,36.563,227.96,243.422,56.777,213.923,427.519,119.323,424.171,450.207,77.144,272.826,25.095,224.986, 
Estacin Bamoa (Campo Wilson),33.627,112.014,99.764,137.427,132.972,17.99,87.318,54.557,97.108,36.539,82.25,147.385,125.007,97.113,4.685,23.133,188.487,101.951,14.145,111.081,7.198,189.694,140.582,40.039,68.685,408.687,104.125,39.013,115.335,56.374,82.259,149.337,151.371,27.481,92.78,27.949,20.754,147.429,68.693,342.783,139.578,105.411,151.792,57.862,412.682,17.589,70.033,45.01,133.363,97.779,204.269,352.046,99.831,85.228,28.992,113.509,107.759,101.278,0,104.394,169.673,505.711,175.367,129.435,143.011,502.082,115.594,486.784,127.023,54.243,217.88,443.58,66.216,167.465,182.927,44.837,153.428,488.568,58.828,485.22,511.256,25.887,333.875,86.144,164.491, 
