LOCALIDADES,General Jos Mara Morelos y Pavn (Caada Honda),Norias del Paso Hondo,El Llano,Mechoacanejo,Mesn de los Sauces,Caadas de Obregn,Apozol,Florencia,Emiliano Zapata,Corral de Barrancos,Arboledas Paso Blanco [Fraccionamiento],Colonia Santa Cecilia (La Sauceda),Tel de Gonzlez Ortega,Ex-Viedos Guadalupe,Mexticacn,Norias de Ojocaliente,Villa Guerrero,Monte Escobedo,Pegueros,Bajo de San Jos,Pabelln de Hidalgo,Paseos de Aguascalientes,Villa Licenciado Jess Tern (Calvillito),Valle de Guadalupe,Tepechitln,Villa Jurez,San Jos de Gracia,Pocitos,Palo Alto,Juchipila,Ojocaliente,Tabasco,Jess Gmez Portugal (Margaritas),Colotln,Yahualica de Gonzlez Gallo,Jalpa,Villa Hidalgo,San Francisco de los Romo,Tlaltenango de Snchez Romn,Nochistln de Meja,Calvillo,Teocaltiche,San Miguel el Alto,Jalostotitln,Encarnacin de Daz,Pabelln de Arteaga,Jess Mara,San Juan de los Lagos,Aguascalientes, 
General Jos Mara Morelos y Pavn (Caada Honda),0,30.169,16.873,86.59,72.186,159.795,141.315,237.98,27.958,18.275,13.288,102.348,223.074,10.153,128.7,17.014,236.929,257.628,162.06,59.621,35.972,13.108,33.749,149.218,193.663,18.786,42.546,22.104,40.167,149.186,65.904,129.119,14.52,245.47,146.491,111.215,68.308,21.382,180.879,123.023,71.294,90.813,131.384,124.837,65.757,30.762,18.989,98.713,21.303, 
Norias del Paso Hondo,30.169,0,18.354,75.59,43.289,142.861,130.315,226.98,37.459,18.464,18.967,85.414,212.074,15.437,111.766,8.114,225.929,267.129,145.126,30.724,45.473,19.612,4.852,132.284,182.663,47.033,52.047,17.911,32.266,138.186,54.904,118.119,21.352,210.59,129.557,100.215,57.308,30.883,169.879,106.089,60.294,73.879,114.45,107.903,48.823,40.263,20.196,81.779,9.657, 
El Llano,16.873,18.354,0,76.1,62.634,147.299,128.659,225.324,25.498,2.061,5.428,89.852,210.418,7.992,116.204,17.107,224.273,255.168,149.564,50.069,33.512,6.132,24.197,136.722,181.007,35.072,40.086,6.942,51.612,136.53,53.248,116.463,8.642,243.01,133.995,98.559,57.818,18.922,168.223,110.527,58.638,78.317,118.888,112.341,53.261,28.302,3.516,86.217,11.751, 
Mechoacanejo,86.59,75.59,76.1,0,74.388,66.772,102.006,198.671,103.235,74.895,84.743,67.105,183.765,81.831,45.603,76.872,197.62,233.489,90.878,80.632,111.249,85.388,75.28,81.825,154.354,112.809,117.823,69.498,99.197,109.877,81.292,96.544,87.128,182.281,63.394,71.906,18.351,96.659,141.57,39.342,86.682,15.267,75.554,57.412,58.654,106.039,74.307,68.481,73.057, 
Mesn de los Sauces,72.186,43.289,62.634,74.388,0,111.057,179.092,323.962,91.416,68.116,72.924,53.61,309.437,70.011,113.248,57.07,274.706,321.086,113.322,12.976,99.43,73.569,40.587,100.48,231.44,100.99,106.004,66.141,54.005,186.963,103.681,166.896,75.309,259.367,151.607,148.992,82.877,84.84,218.656,107.571,109.071,75.361,82.646,76.099,16.31,94.22,69.848,49.975,61.237, 
Caadas de Obregn,159.795,142.861,147.299,66.772,111.057,0,141.191,259.199,172.561,149.261,154.069,55.774,244.674,151.156,25.39,146.198,236.805,272.674,33.971,121.403,180.575,154.714,144.606,24.919,193.539,182.135,187.149,147.286,168.522,149.062,131.154,135.729,156.454,221.466,46.403,111.091,82.281,165.985,180.755,42.207,125.367,53.452,39.908,36.484,99.683,175.365,150.993,57.15,142.382, 
Apozol,141.315,130.315,128.659,102.006,179.092,141.191,0,80.846,149.999,127.306,131.507,157.516,64.667,132.493,113.14,130.606,133.712,169.581,168.232,157.239,158.013,132.151,134.604,160.286,90.446,159.573,164.587,123.715,162.019,7.95,76.473,56.401,133.891,118.373,125.558,30.069,117.036,143.423,77.662,104.314,70.686,109.026,165.965,147.823,161.139,152.803,126.718,158.892,123.672, 
Florencia,237.98,226.98,225.324,198.671,323.962,259.199,80.846,0,246.652,223.959,228.16,285.548,15.439,229.146,209.793,227.259,78.008,151.78,232.08,253.892,312.453,228.804,231.257,240.097,45.396,256.226,233.81,220.368,258.672,73.215,173.126,126.14,230.544,100.572,220.47,126.721,213.689,240.076,59.861,200.967,167.339,205.679,270.232,264.984,317.863,249.456,223.371,282.319,220.325, 
Emiliano Zapata,27.958,37.459,25.498,103.235,91.416,172.561,149.999,246.652,0,21.958,19.889,109.83,230.556,20.97,136.182,34.141,274.266,234.537,169.542,67.103,11.949,19.6,41.231,156.7,201.145,48.05,15.646,29.586,69.431,156.668,73.386,136.601,16.122,222.379,153.973,118.697,75.79,6.563,188.361,130.505,78.776,98.295,138.866,132.319,73.239,7.69,20.304,106.195,28.785, 
Corral de Barrancos,18.275,18.464,2.061,74.895,68.116,149.261,127.306,223.959,21.958,0,6.83,89.362,208.932,10.437,115.714,18.016,222.787,257.613,149.074,48.28,35.957,8.577,22.409,136.232,179.521,37.517,42.531,6.452,49.823,135.044,51.761,114.977,10.044,245.455,133.505,97.073,54.166,21.367,166.737,110.037,57.151,77.827,118.398,111.851,52.771,30.747,2.932,85.727,10.46, 
Arboledas Paso Blanco [Fraccionamiento],13.288,18.967,5.428,84.743,72.924,154.069,131.507,228.16,19.889,6.83,0,92.438,213.164,3.578,118.79,16.749,227.019,250.754,152.15,49.711,29.098,1.987,23.839,139.308,183.753,30.658,35.672,12.194,52.039,139.276,55.994,119.209,4.125,238.596,136.581,101.305,58.398,14.508,170.969,113.113,61.384,80.903,121.474,114.927,55.847,23.888,7.718,88.803,11.393, 
Colonia Santa Cecilia (La Sauceda),102.348,85.414,89.852,67.105,53.61,55.774,157.516,285.548,109.83,89.362,92.438,0,266.783,95.282,69.019,90.324,255.685,346.357,70.668,64.857,124.701,98.84,88.732,45.112,297.591,126.261,131.275,91.412,112.648,167.942,128.952,154.609,100.58,240.346,96.239,129.971,81.81,110.111,199.635,81.414,134.342,52.981,39.992,20.699,43.809,119.491,95.119,3.111,86.508, 
Tel de Gonzlez Ortega,223.074,212.074,210.418,183.765,309.437,244.674,64.667,15.439,230.556,208.932,213.164,266.783,0,214.415,195.062,212.528,101.179,137.049,218.571,239.161,297.722,214.073,216.526,226.588,30.665,241.495,219.079,205.637,243.941,58.69,158.395,111.409,215.813,85.841,206.96,111.99,198.958,225.345,45.13,186.236,152.608,190.948,256.723,251.475,304.354,234.725,208.64,268.81,205.594, 
Ex-Viedos Guadalupe,10.153,15.437,7.992,81.831,70.011,151.156,132.493,229.146,20.97,10.437,3.578,95.282,214.415,0,117.014,14.524,227.387,251.797,150.374,45.688,30.14,4.279,19.816,137.532,184.121,28.382,36.714,11.635,49.763,139.644,56.361,119.577,6.019,239.639,134.805,101.673,58.766,15.551,171.337,111.337,61.751,79.127,119.698,113.151,54.071,24.93,9.407,87.027,10.069, 
Mexticacn,128.7,111.766,116.204,45.603,113.248,25.39,113.14,209.793,136.182,115.714,118.79,69.019,195.062,117.014,0,113.544,211.951,247.82,56.495,117.304,147.921,122.06,111.952,47.443,168.685,149.481,154.495,114.633,135.869,124.208,106.3,110.875,123.8,196.612,21.289,86.237,67.716,133.331,155.901,17.353,100.513,38.887,62.432,59.007,95.326,142.711,118.34,70.031,109.729, 
Norias de Ojocaliente,17.014,8.114,17.107,76.872,57.07,146.198,130.606,227.259,34.141,18.016,16.749,90.324,212.528,14.524,113.544,0,225.346,264.86,145.429,38.36,43.204,17.342,12.488,132.587,182.08,35.111,49.778,17.741,33.036,137.603,54.321,117.536,19.082,210.007,129.86,99.632,56.725,28.614,169.296,106.392,59.711,74.182,114.753,108.206,49.126,37.994,19.224,82.082,9.074, 
Villa Guerrero,236.929,225.929,224.273,197.62,274.706,236.805,133.712,78.008,274.266,222.787,227.019,255.685,101.179,227.387,211.951,225.346,0,103.117,322.99,256.975,264.972,231.887,234.34,331.007,75.705,259.309,276.925,223.451,261.755,145.705,176.209,129.223,233.627,52.16,230.248,129.804,216.772,277.212,61.051,204.05,170.422,208.762,361.142,247.559,260.875,270.025,226.454,258.628,223.408, 
Monte Escobedo,257.628,267.129,255.168,233.489,321.086,272.674,169.581,151.78,234.537,257.613,250.754,346.357,137.049,251.797,247.82,264.86,103.117,0,368.584,297.76,224.98,250.257,271.888,376.601,121.299,254.469,236.933,260.243,278.205,191.298,221.802,168.51,246.779,51.869,275.841,175.397,262.365,237.22,106.644,249.643,216.015,254.355,369.523,293.152,303.896,230.033,257.128,336.852,259.442, 
Pegueros,162.06,145.126,149.564,90.878,113.322,33.971,168.232,232.08,169.542,149.074,152.15,70.668,218.571,150.374,56.495,145.429,322.99,368.584,0,128.142,187.314,161.453,151.345,9.273,242.079,188.874,193.888,154.025,175.261,212.512,191.565,167.369,163.193,297.255,59.199,142.731,105.788,172.724,256.544,73.847,196.955,76.959,36.645,35.081,106.422,182.104,157.732,70.878,149.121, 
Bajo de San Jos,59.621,30.724,50.069,80.632,12.976,121.403,157.239,253.892,67.103,48.28,49.711,64.857,239.161,45.688,117.304,38.36,256.975,297.76,128.142,0,79.599,53.738,28.119,112.839,211.609,64.38,86.173,46.31,41.537,167.132,83.85,147.065,55.478,239.536,133.681,129.161,68.533,65.009,198.825,110.213,89.24,78.003,95.005,88.458,28.669,74.389,50.017,62.334,41.406, 
Pabelln de Hidalgo,35.972,45.473,33.512,111.249,99.43,180.575,158.013,312.453,11.949,35.957,29.098,124.701,297.722,30.14,147.921,43.204,264.972,224.98,187.314,79.599,0,28.467,50.098,165.567,210.012,56.917,11.96,38.453,78.298,165.535,82.253,118.701,24.989,213.833,162.84,127.564,84.657,15.43,197.228,139.372,87.643,107.162,147.733,141.186,82.106,8.243,35.338,115.062,37.652, 
Paseos de Aguascalientes,13.108,19.612,6.132,85.388,73.569,154.714,132.151,228.804,19.6,8.577,1.987,98.84,214.073,4.279,122.06,17.342,231.887,250.257,161.453,53.738,28.467,0,24.507,139.976,184.421,31.326,35.383,12.862,52.707,139.944,56.662,119.877,4.012,238.307,137.249,101.973,59.066,14.219,171.637,113.781,62.052,81.571,122.142,115.595,56.515,23.599,8.384,89.471,12.061, 
Villa Licenciado Jess Tern (Calvillito),33.749,4.852,24.197,75.28,40.587,144.606,134.604,231.257,41.231,22.409,23.839,88.732,216.526,19.816,111.952,12.488,234.34,271.888,151.345,28.119,50.098,24.507,0,130.975,186.987,51.357,56.371,22.235,31.436,142.51,59.228,122.443,25.676,214.914,128.248,104.539,61.632,35.207,174.203,104.78,64.618,72.57,113.141,106.594,47.514,44.587,24.52,80.47,13.981, 
Valle de Guadalupe,149.218,132.284,136.722,81.825,100.48,24.919,160.286,240.097,156.7,136.232,139.308,45.112,226.588,137.532,47.443,132.587,331.007,376.601,9.273,112.839,165.567,139.976,130.975,0,250.658,171.559,176.573,136.71,157.946,152.8,174.25,158.197,145.878,305.834,51.127,133.559,96.616,155.409,265.123,64.675,179.64,67.787,27.473,25.909,89.107,164.789,140.417,46.574,131.806, 
Tepechitln,193.663,182.663,181.007,154.354,231.44,193.539,90.446,45.396,201.145,179.521,183.753,297.591,30.665,184.121,168.685,182.08,75.705,121.299,242.079,211.609,210.012,184.421,186.987,250.658,0,211.91,189.494,176.052,214.356,98.306,128.81,81.824,186.228,56.256,182.849,82.405,169.373,195.76,15.545,156.651,123.023,161.363,286.514,281.266,213.476,205.14,179.055,298.601,176.009, 
Villa Jurez,18.786,47.033,35.072,112.809,100.99,182.135,159.573,256.226,48.05,37.517,30.658,126.261,241.495,28.382,149.481,35.111,259.309,254.469,188.874,64.38,56.917,31.326,51.357,171.559,211.91,0,45.176,40.31,25.449,167.392,84.11,147.325,32.726,252.43,164.697,129.421,86.514,39.588,199.085,141.229,89.5,109.019,149.59,143.043,83.963,30.63,37.195,116.919,39.509, 
San Jos de Gracia,42.546,52.047,40.086,117.823,106.004,187.149,164.587,233.81,15.646,42.531,35.672,131.275,219.079,36.714,154.495,49.778,276.925,236.933,193.888,86.173,11.96,35.383,56.371,176.573,189.494,45.176,0,45.272,85.118,172.354,89.072,108.605,31.808,225.978,169.659,134.383,91.476,22.249,176.482,146.191,94.462,113.981,154.552,148.005,88.925,15.059,42.158,121.881,44.471, 
Pocitos,22.104,17.911,6.942,69.498,66.141,147.286,123.715,220.368,29.586,6.452,12.194,91.412,205.637,11.635,114.633,17.741,223.451,260.243,154.025,46.31,38.453,12.862,22.235,136.71,176.052,40.31,45.272,0,48.597,131.471,48.188,111.404,14.172,203.875,130.766,93.5,51.237,24.201,163.164,107.298,53.578,75.088,115.659,109.112,50.032,33.58,6.375,82.988,8.854, 
Palo Alto,40.167,32.266,51.612,99.197,54.005,168.522,162.019,258.672,69.431,49.823,52.039,112.648,243.941,49.763,135.869,33.036,261.755,278.205,175.261,41.537,78.298,52.707,31.436,157.946,214.356,25.449,85.118,48.597,0,168.716,85.434,148.649,51.882,276.127,160.087,130.745,87.838,61.413,200.409,136.619,90.824,104.409,144.98,138.433,79.353,54.327,50.726,112.309,40.187, 
Juchipila,149.186,138.186,136.53,109.877,186.963,149.062,7.95,73.215,156.668,135.044,139.276,167.942,58.69,139.644,124.208,137.603,145.705,191.298,212.512,167.132,165.535,139.944,142.51,152.8,98.306,167.392,172.354,131.471,168.716,0,84.706,64.634,142.124,126.607,117.75,38.302,125.269,151.656,85.896,112.547,78.919,117.259,179.132,156.056,169.372,161.036,134.951,167.125,131.905, 
Ojocaliente,65.904,54.904,53.248,81.292,103.681,131.154,76.473,173.126,73.386,51.761,55.994,128.952,158.395,56.361,106.3,54.321,176.209,221.802,191.565,83.85,82.253,56.662,59.228,174.25,128.81,84.11,89.072,48.188,85.434,84.706,0,64.701,58.136,157.172,128.286,46.797,62.792,67.668,116.461,102.088,6.876,91.07,151.011,144.464,85.384,77.048,50.963,118.34,47.917, 
Tabasco,129.119,118.119,116.463,96.544,166.896,135.729,56.401,126.14,136.601,114.977,119.209,154.609,111.409,119.577,110.875,117.536,129.223,168.51,167.369,147.065,118.701,119.877,122.443,158.197,81.824,147.325,108.605,111.404,148.649,64.634,64.701,0,129.185,109.863,125.806,28.351,112.33,138.717,69.152,99.608,65.98,104.32,161.259,143.117,156.433,121.896,122.012,154.186,118.966, 
Jess Gmez Portugal (Margaritas),14.52,21.352,8.642,87.128,75.309,156.454,133.891,230.544,16.122,10.044,4.125,100.58,215.813,6.019,123.8,19.082,233.627,246.779,163.193,55.478,24.989,4.012,25.676,145.878,186.228,32.726,31.808,14.172,51.882,142.124,58.136,129.185,0,234.558,138.77,103.494,60.587,10.47,173.158,115.302,63.573,83.092,123.663,117.116,58.036,19.85,11.268,90.992,13.582, 
Colotln,245.47,210.59,243.01,182.281,259.367,221.466,118.373,100.572,222.379,245.455,238.596,240.346,85.841,239.639,196.612,210.007,52.16,51.869,297.255,239.536,213.833,238.307,214.914,305.834,56.256,252.43,225.978,203.875,276.127,126.607,157.172,109.863,234.558,0,211.265,110.821,197.789,225.187,42.068,185.067,151.439,189.779,342.159,228.576,241.892,218,245.095,239.645,204.425, 
Yahualica de Gonzlez Gallo,146.491,129.557,133.995,63.394,151.607,46.403,125.558,220.47,153.973,133.505,136.581,96.239,206.96,134.805,21.289,129.86,230.248,275.841,59.199,133.681,162.84,137.249,128.248,51.127,182.849,164.697,169.659,130.766,160.087,117.75,128.286,125.806,138.77,211.265,0,103.749,85.227,150.842,173.413,26.9,118.025,56.399,77.773,76.209,112.837,160.222,135.851,96.874,127.24, 
Jalpa,111.215,100.215,98.559,71.906,148.992,111.091,30.069,126.721,118.697,97.073,101.305,129.971,111.99,101.673,86.237,99.632,129.804,175.397,142.731,129.161,127.564,101.973,104.539,133.559,82.405,129.421,134.383,93.5,130.745,38.302,46.797,28.351,103.494,110.821,103.749,0,86.875,113.262,70.005,74.153,40.525,78.865,135.804,117.662,130.978,122.642,96.557,128.731,93.511, 
Villa Hidalgo,68.308,57.308,57.818,18.351,82.877,82.281,117.036,213.689,75.79,54.166,58.398,81.81,198.958,58.766,67.716,56.725,216.772,262.365,105.788,68.533,84.657,59.066,61.632,96.616,169.373,86.514,91.476,51.237,87.838,125.269,62.792,112.33,60.587,197.789,85.227,86.875,0,70.357,158.52,60.261,68.511,28.481,88.768,70.626,61.885,79.737,56.135,81.695,50.606, 
San Francisco de los Romo,21.382,30.883,18.922,96.659,84.84,165.985,143.423,240.076,6.563,21.367,14.508,110.111,225.345,15.551,133.331,28.614,277.212,237.22,172.724,65.009,15.43,14.219,35.207,155.409,195.76,39.588,22.249,24.201,61.413,151.656,67.668,138.717,10.47,225.187,150.842,113.262,70.357,0,182.696,124.839,73.111,92.629,133.2,126.653,67.573,10.447,20.806,100.529,23.12, 
Tlaltenango de Snchez Romn,180.879,169.879,168.223,141.57,218.656,180.755,77.662,59.861,188.361,166.737,170.969,199.635,45.13,171.337,155.901,169.296,61.051,106.644,256.544,198.825,197.228,171.637,174.203,265.123,15.545,199.085,176.482,163.164,200.409,85.896,116.461,69.152,173.158,42.068,173.413,70.005,158.52,182.696,0,143.889,110.261,148.601,300.982,187.398,200.714,192.378,166.293,198.467,163.247, 
Nochistln de Meja,123.023,106.089,110.527,39.342,107.571,42.207,104.314,200.967,130.505,110.037,113.113,81.414,186.236,111.337,17.353,106.392,204.05,249.643,73.847,110.213,139.372,113.781,104.78,64.675,156.651,141.229,146.191,107.298,136.619,112.547,102.088,99.608,115.302,185.067,26.9,74.153,60.261,124.839,143.889,0,91.458,34.587,79.674,73.384,91.025,138.41,114.039,84.453,105.428, 
Calvillo,71.294,60.294,58.638,86.682,109.071,125.367,70.686,167.339,78.776,57.151,61.384,134.342,152.608,61.751,100.513,59.711,170.422,216.015,196.955,89.24,87.643,62.052,64.618,179.64,123.023,89.5,94.462,53.578,90.824,78.919,6.876,65.98,63.573,151.439,118.025,40.525,68.511,73.111,110.261,91.458,0,96.824,156.765,150.218,91.138,82.802,56.717,124.094,53.671, 
Teocaltiche,90.813,73.879,78.317,15.267,75.361,53.452,109.026,205.679,98.295,77.827,80.903,52.981,190.948,79.127,38.887,74.182,208.762,254.355,76.959,78.003,107.162,81.571,72.57,67.787,161.363,109.019,113.981,75.088,104.409,117.259,91.07,104.32,83.092,189.779,56.399,78.865,28.481,92.629,148.601,34.587,96.824,0,61.46,43.318,57.283,104.668,80.297,54.387,71.686, 
San Miguel el Alto,131.384,114.45,118.888,75.554,82.646,39.908,165.965,270.232,138.866,118.398,121.474,39.992,256.723,119.698,62.432,114.753,361.142,369.523,36.645,95.005,147.733,122.142,113.141,27.473,286.514,149.59,154.552,115.659,144.98,179.132,151.011,161.259,123.663,342.159,77.773,135.804,88.768,133.2,300.982,79.674,156.765,61.46,0,18.413,71.675,147.357,122.985,36.131,114.374, 
Jalostotitln,124.837,107.903,112.341,57.412,76.099,36.484,147.823,264.984,132.319,111.851,114.927,20.699,251.475,113.151,59.007,108.206,247.559,293.152,35.081,88.458,141.186,115.595,106.594,25.909,281.266,143.043,148.005,109.112,138.433,156.056,144.464,143.117,117.116,228.576,76.209,117.662,70.626,126.653,187.398,73.384,150.218,43.318,18.413,0,66.534,142.216,117.844,22.083,109.233, 
Encarnacin de Daz,65.757,48.823,53.261,58.654,16.31,99.683,161.139,317.863,73.239,52.771,55.847,43.809,304.354,54.071,95.326,49.126,260.875,303.896,106.422,28.669,82.106,56.515,47.514,89.107,213.476,83.963,88.925,50.032,79.353,169.372,85.384,156.433,58.036,241.892,112.837,130.978,61.885,67.573,200.714,91.025,91.138,57.283,71.675,66.534,0,78.098,53.726,34.756,45.115, 
Pabelln de Arteaga,30.762,40.263,28.302,106.039,94.22,175.365,152.803,249.456,7.69,30.747,23.888,119.491,234.725,24.93,142.711,37.994,270.025,230.033,182.104,74.389,8.243,23.599,44.587,164.789,205.14,30.63,15.059,33.58,54.327,161.036,77.048,121.896,19.85,218,160.222,122.642,79.737,10.447,192.378,138.41,82.802,104.668,147.357,142.216,78.098,0,30.174,109.897,32.487, 
Jess Mara,18.989,20.196,3.516,74.307,69.848,150.993,126.718,223.371,20.304,2.932,7.718,95.119,208.64,9.407,118.34,19.224,226.454,257.128,157.732,50.017,35.338,8.384,24.52,140.417,179.055,37.195,42.158,6.375,50.726,134.951,50.963,122.012,11.268,245.095,135.851,96.557,56.135,20.806,166.293,114.039,56.717,80.297,122.985,117.844,53.726,30.174,0,87.86,12.593, 
San Juan de los Lagos,98.713,81.779,86.217,68.481,49.975,57.15,158.892,282.319,106.195,85.727,88.803,3.111,268.81,87.027,70.031,82.082,258.628,336.852,70.878,62.334,115.062,89.471,80.47,46.574,298.601,116.919,121.881,82.988,112.309,167.125,118.34,154.186,90.992,239.645,96.874,128.731,81.695,100.529,198.467,84.453,124.094,54.387,36.131,22.083,34.756,109.897,87.86,0,82.563, 
Aguascalientes,21.303,9.657,11.751,73.057,61.237,142.382,123.672,220.325,28.785,10.46,11.393,86.508,205.594,10.069,109.729,9.074,223.408,259.442,149.121,41.406,37.652,12.061,13.981,131.806,176.009,39.509,44.471,8.854,40.187,131.905,47.917,118.966,13.582,204.425,127.24,93.511,50.606,23.12,163.247,105.428,53.671,71.686,114.374,109.233,45.115,32.487,12.593,82.563,0, 
