LOCALIDADES,Escolsticas,Lagunillas,El Vegil,Esperanza,Victoria,La Venta de Ajuchitlancito,Alfajayucan,San Pedro de los Pozos (Mineral de Pozos),Guadalupe Septin,Puerto de Aguirre,El Tejocote,Colonia San Luis Rey,Bordo Blanco,San Antonio de la Cal,Fuentes de Balvanera,Los Rodrguez,Tolimn,Amexhe,El Castillo,El Palmar (Santa Mara del Palmar),Fuentezuelas,Obrajuelo,Tierra Blanca,Jess Mara,Galindo (San Jos Galindo),El Blanco,San Miguelito,Epigmenio Gonzlez (El Ahorcado),Ajuchitlancito,El Capuln,Tlaxcalilla,Colinas de Santa Cruz Segunda Seccin,El Cazadero,Visth,Atongo,La Gotera,Los Olvera,Santa Rosa Xajay,San Fandila,San Pablo Tolimn,San Juan del Llanito,San Bartolom Aguas Calientes,San Isidro Miranda,Montenegro,La Solana,Arcila,Santa Cruz,Bernal,Coroneo,Pie de Gallo,Buenavista,Chichimequillas,La Griega,La Fuente,La D,Colonia los ngeles,General Lzaro Crdenas (El Colorado),Tlacote el Bajo,El Salitre,La Piedad (San Miguel Colorado),Paso de Mata,San Clemente,Doctor Mora,Ajuchitln,La Llave,San Nicols,La Valla,Villa Progreso,Saldarriaga,Amazcala,La Estancia,La Lira,La Pradera,Misin de Chichimecas,El Sauz (Sauz Alto,Coln,Amealco de Bonfil,La Negreta,Santa Mara Magdalena,Pedro Escobedo,La Caada,San Pedro Mrtir,Juriquilla,Cadereyta de Montes,Ezequiel Montes,San Jos el Alto,Venceremos,San Jos de los Olvera,Santa Rosa Juregui,San Jos Iturbide,Tequisquiapan,San Luis de la Paz,San Miguel de Allende,El Pueblito,San Juan del Ro,Santiago de Quertaro, 
Escolsticas,0,17.16,23.69,45.967,133.257,10.38,48.936,118.234,18.659,67.542,52.815,100.234,48.584,67.408,57.838,113.333,89.488,58.632,48.099,89.223,37.375,58.992,59.331,29.758,17.113,30.546,66.969,21.662,8.049,96.524,61.532,48.014,49.384,33.886,66.552,74.103,37.394,49.076,11.607,82.459,56.123,60.423,39.917,60.581,62.788,13.061,58.431,63.243,42.048,71.105,65.852,54.673,35.903,28.661,7.092,50.444,23.834,57.147,50.639,22.902,45.218,21.081,108.118,55.234,31.748,46.176,28.33,73.774,31.261,41.115,20.818,9.743,46.408,133.036,15.78,64.507,40.184,39.676,44.551,15.065,44.472,47.638,57.748,77.597,67.243,44.859,43.346,41.825,58.076,87.219,55.082,129.916,101.206,43.764,37.111,41.845, 
Lagunillas,17.16,0,10.447,47.528,120.977,17.668,49.962,105.954,29.922,52.22,54.376,87.96,63.762,68.968,36.976,100.99,91.048,42.988,32.455,90.783,58.538,43.348,51.547,30.784,30.545,44.85,51.326,25.127,15.337,84.244,76.71,34.147,64.562,49.064,54.418,61.822,24.152,64.254,15.852,84.019,35.261,39.562,24.735,44.938,47.145,26.493,59.19,64.803,44.174,52.633,53.578,55.432,36.929,39.924,20.524,29.583,24.859,41.503,34.995,23.928,60.396,32.344,95.838,56.794,46.926,61.354,39.593,75.334,33.397,42.141,34.25,18.592,32.541,120.756,24.629,66.067,42.31,26.434,28.908,26.329,30.605,33.771,42.104,79.157,68.803,30.992,22.751,28.113,42.433,74.939,70.26,117.636,88.932,25.843,52.289,27.978, 
El Vegil,23.69,10.447,0,59.832,121.246,32.379,63.157,106.223,54.553,52.489,66.68,88.229,88.393,81.272,29.179,101.259,103.352,36.455,25.641,103.087,70.842,36.816,51.816,43.979,39.112,57.154,51.595,47.507,30.048,84.513,101.341,34.686,89.193,73.696,65.972,62.091,16.355,88.885,33.606,96.323,27.464,31.765,28.216,45.207,47.414,35.06,57.851,77.107,35.443,52.902,53.847,56.379,50.124,64.555,29.091,21.786,37.163,34.689,35.264,37.123,85.027,56.975,96.107,69.098,71.558,85.985,64.224,87.638,36.878,55.336,42.817,31.742,36.022,121.025,54.23,78.371,43.623,18.637,29.177,50.96,34.086,34.31,42.373,91.461,81.107,34.473,18.35,20.316,42.702,75.208,94.891,117.905,89.201,18.046,76.92,28.683, 
Esperanza,45.967,47.528,59.832,0,128.725,34.151,27.802,113.702,16.719,63.01,20.683,95.702,33.7,44.259,60.536,108.801,66.339,61.33,50.797,66.074,23.108,61.69,54.799,26.015,49.806,4.852,69.668,16.839,37.87,91.992,83.463,50.712,71.315,32.909,30.771,69.571,49.374,42.217,29.226,59.31,58.821,63.121,42.615,63.28,65.487,47.582,35.48,40.094,105.993,66.573,61.32,50.141,22.801,17.015,29.269,53.142,23.667,59.845,53.337,25.798,67.149,17.544,103.586,32.084,29.488,34.798,23.571,50.625,26.898,28.013,45.869,23.088,49.106,128.504,36.352,28.726,81.147,50.391,47.249,21.251,47.17,50.336,60.446,54.448,44.094,47.557,46.044,44.523,60.775,82.687,32.943,125.384,96.674,46.462,59.042,44.543, 
Victoria,133.257,120.977,121.246,128.725,0,122.177,109.8,45.979,124.7,76.326,136.848,87.837,158.541,86.295,118.154,63.865,63.06,119.001,108.468,115.843,141.01,119.362,88.158,119.478,137.832,127.322,84.924,117.654,125.896,40.317,171.488,97.217,159.34,143.843,108.747,67.909,106.992,159.033,117.252,70.792,116.439,120.739,108.508,81.549,86.548,135.608,100.626,89.17,146.846,79.367,73.587,96.868,107.911,134.702,129.883,110.76,110.492,93.599,94.755,112.622,155.175,127.122,25.449,139.266,141.705,156.133,134.371,110.031,111.3,102.892,133.894,122.111,100.908,36.328,124.378,93.916,169.173,108.009,102.186,121.107,105.28,98.629,86.254,104.217,104.094,96.576,103.891,102.142,80.331,46.551,165.039,39.254,88.809,104.08,147.068,95.414, 
La Venta de Ajuchitlancito,10.38,17.668,32.379,34.151,122.177,0,44.268,107.854,12.254,57.162,42.435,89.854,46.094,57.028,54.689,102.953,79.108,55.483,44.95,78.843,31.555,55.843,48.951,26.806,17.727,20.166,63.82,11.282,3.719,86.144,59.042,44.865,46.894,31.396,56.172,63.723,43.527,46.586,4.31,72.079,52.974,57.274,36.768,57.432,59.639,13.675,48.051,52.863,69.076,60.725,55.472,44.293,31.235,22.256,7.706,47.295,17.819,53.998,47.49,19.95,42.728,14.676,97.738,44.854,29.258,43.686,21.925,63.394,28.309,36.447,21.447,5.774,43.259,122.656,11.931,54.127,44.23,44.544,41.402,8.661,41.323,44.489,54.599,67.217,56.863,41.71,40.197,38.676,54.927,76.839,52.592,119.536,90.826,40.615,34.621,38.696, 
Alfajayucan,48.936,49.962,63.157,27.802,109.8,44.268,0,87.508,44.557,30.159,44.094,69.514,78.397,58.687,68.418,82.544,56.007,69.212,58.679,80.502,48.267,69.572,22.925,21.04,57.688,34.579,38.357,35.447,45.752,65.798,91.345,45.043,79.197,63.7,3.411,39.399,57.256,78.889,37.108,61.986,66.703,71.003,50.497,29.356,33.55,55.464,14.588,54.522,113.875,39.721,35.132,18.266,13.264,42.174,49.739,61.024,31.549,50.8,45.83,26.289,75.031,46.979,77.392,31.97,61.562,75.989,48.73,65.053,21.923,9.008,53.751,41.967,33.477,102.31,44.234,24.091,89.029,58.273,55.131,40.964,41.501,44.667,39.402,68.876,58.522,41.888,53.926,52.405,33.012,56.493,58.103,99.19,70.486,54.344,66.924,38.874, 
San Pedro de los Pozos (Mineral de Pozos),118.234,105.954,106.223,113.702,45.979,107.854,87.508,0,109.039,60.665,121.187,60.858,142.88,135.779,102.493,36.886,157.859,103.34,92.807,157.594,125.349,103.701,72.497,103.817,122.171,111.661,69.263,101.993,110.235,32.843,155.827,81.556,143.679,128.182,93.086,52.248,91.331,143.372,101.591,150.83,100.778,105.078,92.848,65.888,70.888,119.947,84.965,131.614,131.185,63.706,57.926,81.207,92.25,119.041,114.222,95.099,94.831,77.938,79.094,96.961,139.514,111.461,31.448,123.605,126.044,140.472,118.71,142.145,95.639,87.231,118.233,106.45,85.248,10.539,108.717,132.878,153.512,92.348,86.525,105.446,89.619,82.968,70.593,145.968,135.614,80.916,88.23,86.481,64.67,28.499,149.378,11.437,61.83,88.419,131.407,79.753, 
Guadalupe Septin,18.659,29.922,54.553,16.719,124.7,12.254,44.557,109.039,0,57.776,18.497,90.468,43.062,57.642,55.302,103.567,79.722,56.096,45.563,79.457,20.922,56.456,49.565,27.42,22.353,12.441,64.434,11.896,15.562,86.758,56.01,45.478,43.862,19.89,56.786,64.337,44.14,43.554,16.153,72.693,53.587,57.887,37.381,58.046,60.253,20.129,48.665,53.477,78.54,61.339,56.086,44.907,31.849,10.53,12.755,47.908,18.433,54.611,48.103,20.564,39.696,4.507,98.352,45.468,16.469,40.654,11.756,51.879,28.923,37.061,18.416,9.366,43.872,123.27,8.23,54.741,53.694,45.157,42.015,4.737,41.936,45.102,55.212,67.831,44.711,42.323,40.81,39.289,55.541,77.453,30.757,120.15,91.44,41.228,31.589,39.309, 
Puerto de Aguirre,67.542,52.22,52.489,63.01,76.326,57.162,30.159,60.665,57.776,0,68.053,40.253,89.746,82.645,50.503,53.283,104.725,51.35,40.817,104.46,72.215,51.711,9.314,50.684,69.037,58.527,17.273,48.859,57.101,36.537,102.693,29.566,90.545,75.048,29.106,14.115,39.341,90.238,48.457,97.696,48.788,53.088,40.858,7.029,12.494,66.813,20.985,78.48,79.195,11.124,5.871,12.152,28.27,65.907,61.088,43.109,41.698,25.948,27.104,43.828,86.38,58.327,48.131,70.471,72.91,87.338,65.576,89.011,43.649,23.251,65.099,53.316,33.258,73.049,55.583,79.744,100.378,40.358,34.535,52.312,37.629,30.978,18.603,92.834,82.48,28.45,36.24,34.491,12.68,27.232,96.244,69.929,41.225,36.429,78.273,27.763, 
El Tejocote,52.815,54.376,66.68,20.683,136.848,42.435,44.094,121.187,18.497,68.053,0,102.94,25.625,26.751,67.774,116.039,48.831,68.568,58.035,48.566,15.032,68.928,62.037,33.25,57.044,16.405,76.906,23.824,45.108,99.23,53.873,57.95,50.717,24.834,47.525,76.809,56.612,34.142,36.464,41.802,66.059,70.359,49.853,70.518,72.725,54.82,42.715,22.586,113.231,73.811,68.558,57.379,30.036,9.189,49.095,60.38,30.905,67.083,60.575,33.036,46.551,17.821,110.824,14.576,21.413,26.723,15.496,33.117,34.133,35.248,53.107,41.323,56.344,135.742,43.59,23.849,88.385,57.629,54.487,23.029,54.408,57.574,67.684,36.94,26.586,54.795,53.282,51.761,68.013,89.925,24.868,132.622,103.912,53.7,30.373,51.781, 
Colonia San Luis Rey,100.234,87.96,88.229,95.702,87.837,89.854,69.514,60.858,90.468,40.253,102.94,0,125.01,117.909,84.763,25.652,139.989,74.536,75.077,139.724,107.479,82.082,54.767,85.947,104.301,93.791,51.533,84.123,92.365,71.754,137.957,63.826,125.809,110.312,75.216,49.333,73.601,125.502,83.721,132.96,83.048,87.261,75.118,48.158,53.158,102.077,67.095,113.744,113.455,41.61,35.683,63.337,74.38,101.171,96.352,77.369,76.961,60.208,61.364,79.091,121.644,93.591,63.396,105.735,108.174,122.602,100.84,124.275,77.909,69.361,100.363,88.58,67.518,80.006,90.847,115.008,135.642,74.618,68.795,87.576,71.889,65.238,52.863,128.098,117.744,63.713,70.5,68.751,46.94,62.449,131.508,76.886,3.416,70.689,113.537,62.023, 
Bordo Blanco,48.584,63.762,88.393,33.7,158.541,46.094,78.397,142.88,43.062,89.746,25.625,125.01,0,38.982,89.979,138.244,61.062,90.773,80.24,45.022,15.436,91.133,84.242,62.096,37.859,32.765,99.111,46.573,50.239,121.435,37.993,80.155,34.837,10.27,70.951,99.014,78.817,15.493,50.83,54.033,88.264,92.564,72.058,92.723,94.93,35.635,83.342,34.817,73.946,96.016,90.763,79.584,47.747,25.375,42.269,82.585,53.11,89.288,82.78,55.24,30.671,26.557,133.029,36.601,13.554,4.291,19.476,27.947,63.599,52.959,29.385,45.183,78.549,157.947,36.803,45.874,49.1,79.834,76.692,39.414,76.613,79.779,89.889,33.395,20.779,77,75.487,73.966,90.218,112.13,6.737,154.827,126.117,75.905,14.493,73.986, 
San Antonio de la Cal,67.408,68.968,81.272,44.259,86.295,57.028,58.687,135.779,57.642,82.645,26.751,117.909,38.982,0,81.892,130.157,23.37,82.686,72.153,30.838,43.45,83.046,76.155,47.368,71.162,41.641,91.024,43.561,59.226,113.348,75.544,72.068,92.671,47.821,50.562,90.927,70.73,53.044,50.582,16.341,80.177,84.477,63.971,84.636,86.843,68.938,56.833,4.165,127.349,87.929,82.676,71.497,44.154,36.771,63.213,74.498,45.023,81.201,74.693,47.154,88.505,49.765,124.942,16.212,51.105,41.842,43.078,25.026,48.251,49.366,67.225,55.441,70.462,149.86,57.708,25.485,102.503,71.747,68.605,54.438,68.526,71.692,81.802,19.212,19.089,68.913,67.4,65.879,82.131,104.043,34.7,146.74,118.03,67.818,52.043,65.899, 
Fuentes de Balvanera,57.838,36.976,29.179,60.536,118.154,54.689,68.418,102.493,55.302,50.503,67.774,84.763,89.979,81.892,0,98.438,104.53,10.924,15.186,104.265,72.02,9.264,48.995,45.157,68.862,58.332,48.774,48.685,50.507,81.692,102.519,21.614,90.371,74.874,67.462,59.27,18.138,90.063,46.271,97.501,3.575,12.112,29.394,42.386,44.593,66.638,59.341,78.285,54.981,50.081,51.026,53.558,51.302,65.733,60.913,8.544,38.341,24.234,32.443,38.301,86.205,58.153,93.286,70.276,72.736,87.163,65.402,88.816,35.833,56.514,64.925,53.141,37.512,118.204,55.408,79.549,100.203,13.628,20.788,52.138,35.576,20.921,39.552,92.639,82.285,32.091,20.067,17.495,39.881,72.387,96.069,115.084,81.255,15.225,78.098,25.862, 
Los Rodrguez,113.333,100.99,101.259,108.801,63.865,102.953,82.544,36.886,103.567,53.283,116.039,25.652,138.244,130.157,98.438,0,151.773,97.254,86.721,151.508,119.263,97.615,66.411,97.731,116.085,105.575,63.177,95.907,104.149,45.786,149.741,75.47,137.593,122.096,87,46.162,85.245,137.286,95.505,144.744,94.692,98.992,86.762,59.802,64.802,113.861,78.879,125.528,125.099,54.471,48.544,75.121,86.164,112.955,108.136,89.013,88.745,71.852,73.008,90.875,133.428,105.375,38.762,117.519,119.958,134.386,112.624,136.059,89.553,81.145,112.147,100.364,79.162,47.073,102.631,126.792,147.426,86.262,80.439,99.36,83.533,76.882,64.507,139.882,129.528,74.83,82.144,80.395,58.584,36.481,143.292,43.953,25.962,82.333,125.321,73.667, 
Tolimn,89.488,91.048,103.352,66.339,63.06,79.108,56.007,157.859,79.722,104.725,48.831,139.989,61.062,23.37,104.53,151.773,0,104.764,94.231,52.916,65.528,105.124,98.233,69.446,93.24,63.719,113.102,65.639,81.304,70.403,97.622,94.146,114.749,69.899,56.334,113.005,92.808,75.122,72.66,8.528,102.255,106.555,86.049,106.714,108.921,91.016,78.911,26.243,149.427,110.007,104.754,93.575,66.232,58.849,85.291,96.576,67.101,103.279,96.771,69.232,110.583,71.843,70.914,38.29,73.183,63.92,65.156,47.104,70.329,71.444,89.303,77.519,92.54,99.711,79.786,30.66,124.581,93.825,90.683,76.516,90.604,93.77,103.88,41.29,41.167,90.991,89.478,87.957,104.209,126.121,56.778,102.637,140.108,89.896,74.121,87.977, 
Amexhe,58.632,42.988,36.455,61.33,119.001,55.483,69.212,103.34,56.096,51.35,68.568,74.536,90.773,82.686,10.924,97.254,104.764,0,14.331,104.856,72.611,7.698,50.168,45.748,69.453,58.923,49.947,49.276,51.098,82.865,103.11,20.759,90.962,75.465,68.053,60.443,28.31,90.654,46.862,98.092,22.84,27.141,29.985,43.559,45.766,67.229,59.932,78.876,61.921,51.254,52.199,54.731,51.893,66.324,61.504,17.162,38.932,23.379,33.616,38.892,86.796,58.744,94.459,70.867,73.327,87.754,65.993,89.407,38.959,57.105,65.516,53.732,38.103,119.377,55.999,80.14,100.794,20.33,19.933,52.729,36.167,20.066,40.725,93.23,82.876,36.554,25.107,23.459,41.054,73.56,96.66,116.257,71.622,25.398,78.689,27.035, 
El Castillo,48.099,32.455,25.641,50.797,108.468,44.95,58.679,92.807,45.563,40.817,58.035,75.077,80.24,72.153,15.186,86.721,94.231,14.331,0,95.325,63.08,14.284,37.723,36.217,59.922,49.392,28.251,39.745,41.567,70.42,93.579,7.7,81.431,65.934,58.522,47.998,14.377,81.123,37.331,88.561,12.139,16.44,20.454,31.114,33.321,57.698,50.401,69.345,51.22,38.809,39.754,42.286,42.362,56.793,51.973,6.461,29.401,10.32,21.171,29.361,77.265,49.213,82.014,61.336,63.796,78.223,56.462,79.876,29.428,47.574,55.985,44.201,28.572,106.932,46.468,70.609,91.263,9.629,6.874,43.198,26.636,7.007,28.28,83.699,73.345,27.023,15.576,13.734,28.609,61.115,87.129,103.812,75.108,11.464,69.158,14.43, 
El Palmar (Santa Mara del Palmar),89.223,90.783,103.087,66.074,115.843,78.843,80.502,157.594,79.457,104.46,48.566,139.724,45.022,30.838,104.265,151.508,52.916,104.856,95.325,0,49.789,105.117,98.226,69.439,81.748,63.712,113.095,65.632,81.297,135.419,81.883,94.139,78.726,54.16,72.632,112.998,92.801,59.383,72.653,46.188,102.248,106.548,86.042,106.707,108.914,79.524,78.904,26.972,117.835,110,104.747,93.568,66.225,59.728,85.284,96.569,67.094,103.272,96.764,69.225,74.56,68.36,147.013,38.282,57.444,48.181,63.366,21.525,70.322,71.437,73.274,77.512,92.533,171.931,79.779,47.555,92.989,93.818,90.676,76.509,90.597,93.763,103.873,14.174,25.428,90.984,89.471,87.95,104.202,126.114,41.039,168.811,140.101,89.889,58.382,87.97, 
Fuentezuelas,37.375,58.538,70.842,23.108,141.01,31.555,48.267,125.349,20.922,72.215,15.032,107.479,15.436,43.45,72.02,119.263,65.528,72.611,63.08,49.789,0,72.7,65.809,37.025,37.211,18.83,80.678,26.249,34.279,103.002,46.892,61.722,43.736,19.169,51.3,80.581,60.384,24.393,40.236,58.543,69.831,74.131,53.625,74.29,76.497,34.987,46.49,39.327,82.845,77.583,72.33,61.151,33.811,8.714,31.472,64.152,34.677,70.855,64.347,36.808,39.57,17.347,114.596,29.542,19.466,13.19,13.549,32.458,37.908,39.023,30.672,28.083,60.116,139.514,25.753,38.815,57.999,61.401,58.259,23.454,58.18,61.346,71.456,37.906,25.29,58.567,57.054,55.533,71.785,93.697,11.336,136.394,107.684,57.472,23.392,55.553, 
Obrajuelo,58.992,43.348,36.816,61.69,119.362,55.843,69.572,103.701,56.456,51.711,68.928,82.082,91.133,83.046,9.264,97.615,105.124,7.698,14.284,105.117,72.7,0,50.547,46.127,69.832,59.302,33.619,49.655,51.477,83.244,103.489,13.067,91.341,75.844,68.432,60.822,28.689,91.033,47.241,98.471,12.083,25.93,30.364,43.938,46.145,67.608,60.311,79.255,60.71,51.633,52.578,55.11,52.272,66.703,61.883,15.951,39.311,15.687,33.995,39.271,87.175,59.123,94.838,71.246,73.706,88.133,66.372,89.786,39.338,57.484,65.895,54.111,38.482,119.756,56.378,80.519,101.173,19.119,12.995,53.108,36.546,12.374,41.104,93.609,83.255,36.933,25.486,23.838,41.433,73.939,97.039,116.636,79.121,25.777,79.068,27.414, 
Tierra Blanca,59.331,51.547,51.816,54.799,88.158,48.951,22.925,72.497,49.565,9.314,62.037,54.767,84.242,76.155,48.995,66.411,98.233,50.168,37.723,98.226,65.809,50.547,0,28.049,77.453,41.588,15.787,57.275,65.517,44.953,111.109,27.795,98.961,83.464,21.872,18.555,37.57,98.654,56.873,80.747,47.017,51.317,39.087,6.786,10.98,75.229,13.751,61.531,77.424,17.151,14.287,4.918,21.036,49.183,69.504,41.338,48.034,28.23,25.333,47.994,94.796,66.743,56.547,53.521,81.326,95.754,55.739,72.062,28.932,16.017,73.515,61.732,31.487,81.465,63.999,48.325,108.794,38.587,32.764,60.728,35.858,29.207,16.832,75.885,65.531,27.155,34.469,32.72,10.442,35.648,65.112,78.345,49.641,34.658,86.689,25.992, 
Jess Mara,29.758,30.784,43.979,26.015,119.478,26.806,21.04,103.817,27.42,50.684,33.25,85.947,62.096,47.368,45.157,97.731,69.446,45.748,36.217,69.439,37.025,46.127,28.049,0,41.174,23.24,52.911,20.997,22.684,83.077,74.831,33.956,62.683,47.186,26.162,60.656,32.618,62.375,18.448,62.399,42.065,46.365,25.859,46.523,48.73,38.95,21.352,43.183,72.472,54.218,52.405,25.03,8.673,30.835,28.978,36.386,10.653,43.089,36.581,7.777,58.517,30.465,94.671,35.173,45.048,59.475,37.714,53.714,6.543,13.885,37.237,25.454,18.098,119.589,27.72,44.446,72.515,33.635,30.493,24.45,26.122,33.58,43.69,57.537,47.183,26.509,29.288,27.767,44.018,73.772,46.763,116.469,87.759,29.706,50.41,27.787, 
Galindo (San Jos Galindo),17.113,30.545,39.112,49.806,137.832,17.727,57.688,122.171,22.353,69.037,57.044,104.301,37.859,71.162,68.862,116.085,93.24,69.453,59.922,81.748,37.211,69.832,77.453,41.174,0,36.552,80.149,27.611,22.636,102.473,52.247,61.194,40.099,24.601,72.501,80.052,59.855,39.791,23.227,88.408,69.302,73.602,53.097,73.761,75.968,6.794,64.38,69.192,54.111,77.054,71.801,60.622,47.564,30.477,12.295,63.623,34.148,70.326,63.818,36.279,35.933,22.432,114.067,61.183,22.463,36.891,22.805,67.008,44.638,52.776,11.533,17.103,59.588,138.985,17.841,70.456,29.265,60.872,57.73,20.452,57.652,60.818,70.927,72.456,59.839,58.039,56.525,55.004,71.256,93.168,45.797,135.865,107.155,56.943,27.826,55.025, 
El Blanco,30.546,44.85,57.154,4.852,127.322,20.166,34.579,111.661,12.441,58.527,16.405,93.791,32.765,41.641,58.332,105.575,63.719,58.923,49.392,63.712,18.83,59.302,41.588,23.24,36.552,0,66.002,12.561,23.866,88.326,68.246,47.046,56.098,28.631,36.624,65.905,45.708,37.939,25.56,55.644,55.155,59.455,38.949,59.614,61.821,32.365,31.814,36.428,90.776,62.907,57.654,46.475,19.135,12.737,24.991,49.476,20.001,56.179,49.671,22.132,51.932,13.266,99.92,28.418,25.21,30.52,19.293,46.959,23.232,24.347,30.652,18.81,45.44,124.838,20.466,37.691,65.93,46.725,43.583,16.973,43.504,46.67,56.78,50.782,40.428,43.891,42.378,40.857,57.109,79.021,28.665,121.718,93.008,42.796,34.17,40.877, 
San Miguelito,66.969,51.326,51.595,69.668,84.924,63.82,38.357,69.263,64.434,17.273,76.906,51.533,99.111,91.024,48.774,63.177,113.102,49.947,28.251,113.095,80.678,33.619,15.787,52.911,80.149,66.002,0,60.179,68.421,47.857,114.013,18.611,101.865,86.368,51.273,25.435,35.886,101.558,54.279,109.016,34.155,38.456,37.402,9.126,15.442,78.133,43.152,89.8,75.74,8.008,12.91,20.298,50.437,77.227,72.408,28.477,46.349,12.338,18.865,46.309,97.7,69.647,59.451,81.791,84.23,98.658,76.896,100.331,40.194,45.418,76.419,64.636,29.802,84.369,66.903,91.064,111.698,31.645,26.876,63.632,34.174,19.053,9.495,104.154,93.8,25.47,32.785,31.036,6.148,38.552,107.564,81.249,52.545,32.974,89.593,24.308, 
Epigmenio Gonzlez (El Ahorcado),21.662,25.127,47.507,16.839,117.654,11.282,35.447,101.993,11.896,48.859,23.824,84.123,46.573,43.561,48.685,95.907,65.639,49.276,39.745,65.632,26.249,49.655,57.275,20.997,27.611,12.561,60.179,0,13.469,79.317,59.062,38.038,46.914,31.416,36.377,56.896,36.7,46.606,8.972,59.733,46.147,50.447,29.941,50.605,52.812,23.181,41.224,40.517,81.592,53.898,48.645,37.466,18.888,13.783,17.456,40.468,10.992,47.171,40.663,13.123,42.748,13.918,90.911,32.507,29.278,43.706,21.329,51.047,21.482,24.1,21.467,9.684,36.432,115.829,11.951,41.78,56.746,37.717,34.575,8.681,34.496,37.662,47.771,54.871,44.516,34.883,33.37,31.849,48.1,70.012,36.142,112.709,83.999,33.788,34.641,31.869, 
Ajuchitlancito,8.049,15.337,30.048,37.87,125.896,3.719,45.752,110.235,15.562,57.101,45.108,92.365,50.239,59.226,50.507,104.149,81.304,51.098,41.567,81.297,34.279,51.477,65.517,22.684,22.636,23.866,68.421,13.469,0,89.863,62.761,41.044,50.613,35.115,46.422,67.442,39.706,50.305,4.637,75.798,49.153,53.453,32.947,53.611,55.818,16.31,51.77,56.582,49.801,64.444,59.191,48.012,28.933,25.975,10.341,43.474,16.864,50.177,43.669,15.932,46.447,18.395,101.457,48.573,32.977,47.405,25.644,67.113,24.291,34.145,25.166,8.409,39.438,126.375,15.65,57.846,46.865,40.723,37.581,12.38,37.502,40.668,50.778,70.936,60.582,37.889,36.376,34.855,51.106,80.558,56.311,123.255,94.545,36.794,38.34,34.875, 
El Capuln,96.524,84.244,84.513,91.992,40.317,86.144,65.798,32.843,86.758,36.537,99.23,71.754,121.435,113.348,81.692,45.786,70.403,82.865,70.42,135.419,103.002,83.244,44.953,83.077,102.473,88.326,47.857,79.317,89.863,0,134.731,60.46,122.583,107.086,71.99,31.152,70.235,122.276,80.495,78.284,79.682,83.982,71.751,44.792,49.791,98.851,63.869,110.518,110.089,42.61,36.83,60.111,71.154,97.945,93.126,74.003,73.735,56.842,57.998,75.865,118.418,90.365,13.102,102.509,104.948,119.376,97.614,121.049,74.543,66.135,97.137,85.354,64.151,37.539,87.621,111.782,132.416,71.252,65.429,84.35,68.523,61.872,49.497,124.872,114.518,59.819,67.134,65.385,43.574,9.794,128.282,42.924,72.183,67.323,110.311,58.657, 
Tlaxcalilla,61.532,76.71,101.341,83.463,171.488,59.042,91.345,155.827,56.01,102.693,53.873,137.957,37.993,75.544,102.519,149.741,97.622,103.11,93.579,81.883,46.892,103.489,111.109,74.831,52.247,68.246,114.013,59.062,62.761,134.731,0,92.169,14.198,38.879,103.476,111.027,90.83,25.656,62.843,99.11,100.277,104.577,84.072,104.736,106.943,47.648,95.355,79.894,91.523,108.029,102.776,91.597,78.539,53.766,54.282,94.598,65.123,101.301,94.793,67.254,23.693,53.407,145.042,92.158,41.165,42.908,47.087,73.025,75.613,83.751,41.398,57.196,90.563,169.96,48.816,101.431,66.677,91.847,88.706,51.427,88.627,91.793,101.902,78.473,65.856,89.014,87.5,85.979,102.231,124.143,51.814,166.84,138.13,87.918,23.426,86, 
Colinas de Santa Cruz Segunda Seccin,48.014,34.147,34.686,50.712,97.217,44.865,45.043,81.556,45.478,29.566,57.95,63.826,80.155,72.068,21.614,75.47,94.146,20.759,7.7,94.139,61.722,13.067,27.795,33.956,61.194,47.046,18.611,38.038,41.044,60.46,92.169,0,81.637,66.14,41.819,36.97,19.144,81.329,37.537,88.767,28.591,32.891,20.66,20.087,22.294,57.904,33.698,69.551,58.998,27.782,28.726,31.259,33.146,56.999,52.179,22.912,29.607,10.158,10.139,29.567,77.471,49.419,70.986,61.542,64.002,78.429,56.668,80.082,24.256,35.964,56.191,44.407,20.195,95.904,46.674,70.815,91.469,20.161,4.988,43.404,18.236,0.716,15.506,83.905,73.551,13.841,16.043,14.294,17.582,50.087,87.335,92.784,64.08,16.232,69.364,8.37, 
El Cazadero,49.384,64.562,89.193,71.315,159.34,46.894,79.197,143.679,43.862,90.545,50.717,125.809,34.837,92.671,90.371,137.593,114.749,90.962,81.431,78.726,43.736,91.341,98.961,62.683,40.099,56.098,101.865,46.914,50.613,122.583,14.198,81.637,0,26.89,91.487,99.038,78.841,33.819,50.854,87.121,88.288,92.588,72.083,92.747,94.954,35.659,83.366,67.905,79.534,96.04,90.787,79.608,66.55,41.777,42.293,82.609,53.134,89.312,82.804,55.265,11.705,41.418,133.053,80.169,29.176,30.919,35.098,61.036,63.624,71.762,29.409,45.207,78.574,157.971,36.827,89.442,54.688,79.858,76.717,39.438,76.638,79.804,89.913,66.484,53.867,77.025,75.511,73.99,90.242,112.154,39.825,154.851,126.141,75.929,21.854,74.011, 
Visth,33.886,49.064,73.696,32.909,143.843,31.396,63.7,128.182,19.89,75.048,24.834,110.312,10.27,47.821,74.874,122.096,69.899,75.465,65.934,54.16,19.169,75.844,83.464,47.186,24.601,28.631,86.368,31.416,35.115,107.086,38.879,66.14,26.89,0,75.88,83.431,63.235,9.629,35.247,62.931,72.682,76.982,56.476,77.14,79.347,20.052,67.759,43.715,66.235,80.433,75.18,64.001,50.943,16.206,26.686,67.003,37.528,73.706,67.198,39.658,22.961,16.608,117.446,45.5,3.605,6.729,9.527,36.846,48.017,56.155,13.57,29.6,62.967,142.364,21.22,54.773,41.389,64.252,61.11,23.831,61.031,64.197,74.307,42.294,29.678,61.418,59.905,58.384,74.635,96.547,15.635,139.244,110.534,60.323,6.783,58.404, 
Atongo,66.552,54.418,65.972,30.771,108.747,56.172,3.411,93.086,56.786,29.106,47.525,75.216,70.951,50.562,67.462,87,56.334,68.053,58.522,72.632,51.3,68.432,21.872,26.162,72.501,36.624,51.273,36.377,46.422,71.99,103.476,41.819,91.487,75.88,0,38.347,60.738,82.371,40.59,64.574,70.185,74.485,53.979,28.303,32.497,58.946,15.3,46.503,117.357,38.668,34.079,17.214,17.51,45.657,53.221,64.506,35.031,49.747,46.85,29.772,78.513,50.461,76.339,34.558,65.044,79.471,52.213,57.034,25.406,12.491,57.233,45.449,36.96,101.257,47.716,26.679,92.511,61.755,58.613,44.446,44.984,48.15,38.349,60.857,50.503,45.371,57.408,55.887,31.959,55.44,66.783,98.137,69.433,57.826,70.406,42.357, 
La Gotera,74.103,61.822,62.091,69.571,67.909,63.723,39.399,52.248,64.337,14.115,76.809,49.333,99.014,90.927,59.27,46.162,113.005,60.443,47.998,112.998,80.581,60.822,18.555,60.656,80.052,65.905,25.435,56.896,67.442,31.152,111.027,36.97,99.038,83.431,38.347,0,52.393,104.434,62.653,111.892,61.84,66.14,53.91,17.478,31.95,81.009,30.225,92.676,92.247,24.769,18.988,21.393,37.511,80.103,75.284,56.161,55.893,39,40.157,58.023,100.576,72.523,40.712,84.667,87.106,101.534,79.772,103.207,56.701,32.492,79.295,67.512,46.31,65.63,69.779,93.94,114.574,53.41,47.587,66.508,50.681,44.03,31.656,107.03,96.676,41.978,49.292,47.543,25.732,19.813,110.44,62.51,54.341,49.481,92.469,40.815, 
Los Olvera,37.394,24.152,16.355,49.374,106.992,43.527,57.256,91.331,44.14,39.341,56.612,73.601,78.817,70.73,18.138,85.245,92.808,28.31,14.377,92.801,60.384,28.689,37.57,32.618,59.855,45.708,35.886,36.7,39.706,70.235,90.83,19.144,78.841,63.235,60.738,52.393,0,75.236,31.444,82.674,16.174,20.475,14.567,29.751,31.958,51.811,44.202,63.458,45.085,37.446,38.391,40.444,36.475,50.906,46.086,10.496,23.514,23.399,19.808,23.474,71.378,43.326,80.651,55.449,57.909,72.336,50.575,73.989,23.229,41.687,50.098,38.314,22.373,105.569,40.581,64.722,85.376,8.596,13.721,37.311,20.437,18.854,26.917,77.812,67.458,20.824,4.702,5.987,27.246,59.752,81.242,102.449,73.745,3.614,63.271,13.227, 
Santa Rosa Xajay,49.076,64.254,88.885,42.217,159.033,46.586,78.889,143.372,43.554,90.238,34.142,125.502,15.493,53.044,90.063,137.286,75.122,90.654,81.123,59.383,24.393,91.033,98.654,62.375,39.791,37.939,101.558,46.606,50.305,122.276,25.656,81.329,33.819,9.629,82.371,104.434,75.236,0,50.143,68.083,87.577,91.877,71.371,92.036,94.243,34.948,82.655,48.867,73.259,95.329,90.076,78.897,65.838,25.469,41.582,81.898,52.423,88.601,82.093,54.553,29.984,25.871,132.342,50.652,12.868,11.881,18.79,41.998,62.912,71.05,28.698,44.496,77.862,157.26,36.116,59.925,48.413,79.147,76.005,38.727,75.926,79.092,89.202,47.446,34.829,76.313,74.8,73.279,89.531,111.443,20.787,154.14,125.43,75.218,13.806,73.299, 
San Fandila,11.607,15.852,33.606,29.226,117.252,4.31,37.108,101.591,16.153,48.457,36.464,83.721,50.83,50.582,46.271,95.505,72.66,46.862,37.331,72.653,40.236,47.241,56.873,18.448,23.227,25.56,54.279,8.972,4.637,80.495,62.843,37.537,50.854,35.247,40.59,62.653,31.444,50.143,0,64.547,44.919,49.219,28.713,49.377,51.584,16.901,43.117,45.331,72.301,55.791,50.538,39.359,24.699,26.451,10.932,39.24,12.629,45.943,39.435,11.698,46.923,18.871,92.804,37.322,33.453,47.881,26.12,55.862,20.057,29.911,25.642,9,35.204,117.722,16.126,46.595,47.455,36.489,33.347,12.856,33.268,36.434,46.544,59.685,49.331,33.655,32.142,30.621,46.872,71.905,56.787,114.602,85.892,32.56,38.816,30.641, 
San Pablo Tolimn,82.459,84.019,96.323,59.31,70.792,72.079,61.986,150.83,72.693,97.696,41.802,132.96,54.033,16.341,97.501,144.744,8.528,98.092,88.561,46.188,58.543,98.471,80.747,62.399,88.408,55.644,109.016,59.733,75.798,78.284,99.11,88.767,87.121,62.931,64.574,111.892,82.674,68.083,64.547,0,95.228,99.528,79.022,99.687,101.894,83.989,71.884,19.216,142.4,102.98,97.727,86.548,59.205,51.822,78.264,89.549,60.074,96.252,89.744,62.205,103.556,64.816,78.646,31.263,66.156,56.893,58.129,40.077,63.302,64.417,82.276,70.492,85.513,164.911,72.759,36.636,117.554,86.798,83.656,69.489,83.577,86.743,96.853,34.263,34.14,83.964,82.451,80.93,97.182,119.094,49.751,161.791,133.081,82.869,67.094,80.95, 
San Juan del Llanito,56.123,35.261,27.464,58.821,116.439,52.974,66.703,100.778,53.587,48.788,66.059,83.048,88.264,80.177,3.575,94.692,102.255,22.84,12.139,102.248,69.831,12.083,47.017,42.065,69.302,55.155,34.155,46.147,49.153,79.682,100.277,28.591,88.288,72.682,70.185,61.84,16.174,87.577,44.919,95.228,0,8.145,26.892,39.884,42.091,64.136,56.839,75.783,52.479,47.579,48.524,51.056,48.8,63.231,58.411,6.042,35.839,21.732,29.941,35.799,83.703,55.651,90.784,67.774,70.234,84.661,62.9,86.314,33.331,54.012,62.423,50.639,35.01,115.702,52.906,77.047,97.701,11.126,18.286,49.636,33.074,18.419,37.05,90.137,79.783,29.589,17.565,14.993,37.379,69.885,93.567,112.582,83.878,12.723,75.596,23.36, 
San Bartolom Aguas Calientes,60.423,39.562,31.765,63.121,120.739,57.274,71.003,105.078,57.887,53.088,70.359,87.261,92.564,84.477,12.112,98.992,106.555,27.141,16.44,106.548,74.131,25.93,51.317,46.365,73.602,59.455,38.456,50.447,53.453,83.982,104.577,32.891,92.588,76.982,74.485,66.14,20.475,91.877,49.219,99.528,8.145,0,31.066,44.058,46.265,68.31,61.013,79.957,49.041,51.753,52.698,55.23,52.974,67.405,62.585,10.216,40.013,25.906,34.115,39.973,87.877,59.825,94.958,71.948,74.408,88.835,67.074,90.488,37.505,58.186,66.597,54.813,39.184,119.876,57.08,81.221,101.875,15.3,22.46,53.81,37.248,22.593,41.224,94.311,83.957,33.763,21.739,19.167,41.553,74.059,97.741,116.756,88.052,16.897,79.77,27.534, 
San Isidro Miranda,39.917,24.735,28.216,42.615,108.508,36.768,50.497,92.848,37.381,40.858,49.853,75.118,72.058,63.971,29.394,86.762,86.049,29.985,20.454,86.042,53.625,30.364,39.087,25.859,53.097,38.949,37.402,29.941,32.947,71.751,84.072,20.66,72.083,56.476,53.979,53.91,14.567,71.371,28.713,79.022,26.892,31.066,0,34.192,36.399,38.562,44.596,50.209,60.14,41.887,42.831,40.838,23.226,37.657,32.837,24.054,10.265,30.757,24.249,10.225,58.129,30.077,85.091,42.2,44.66,59.087,37.326,60.74,12.989,28.438,36.849,25.065,20.018,110.009,27.332,51.473,72.127,21.303,18.161,24.062,18.082,21.248,31.358,64.563,54.209,18.469,16.956,15.435,31.687,64.192,67.993,106.889,78.185,17.374,50.022,15.455, 
Montenegro,60.581,44.938,45.207,63.28,81.549,57.432,29.356,65.888,58.046,7.029,70.518,48.158,92.723,84.636,42.386,59.802,106.714,43.559,31.114,106.707,74.29,43.938,6.786,46.523,73.761,59.614,9.126,50.605,53.611,44.792,104.736,20.087,92.747,77.14,28.303,17.478,29.751,92.036,49.377,99.687,39.884,44.058,34.192,0,5.817,73.682,20.183,85.349,70.816,10.543,12.74,11.35,27.468,72.776,67.957,34.73,41.426,21.622,18.725,41.386,93.249,65.196,55,77.34,79.779,94.207,72.445,95.88,35.27,22.449,71.968,60.185,24.879,79.918,62.452,86.613,107.247,31.979,26.156,59.181,29.25,22.599,10.224,99.703,89.349,20.547,27.861,26.112,3.834,34.101,103.113,76.798,48.094,28.05,85.142,19.384, 
La Solana,62.788,47.145,47.414,65.487,86.548,59.639,33.55,70.888,60.253,12.494,72.725,53.158,94.93,86.843,44.593,64.802,108.921,45.766,33.321,108.914,76.497,46.145,10.98,48.73,75.968,61.821,15.442,52.812,55.818,49.791,106.943,22.294,94.954,79.347,32.497,31.95,31.958,94.243,51.584,101.894,42.091,46.265,36.399,5.817,0,71.766,24.376,83.413,72.859,17.402,18.347,15.543,31.661,70.861,66.041,36.773,43.469,23.665,20.769,43.429,91.333,63.281,60.607,75.404,77.864,92.291,70.53,93.944,37.313,26.642,70.053,58.269,26.922,85.525,60.536,84.677,105.331,34.022,28.199,57.266,31.293,24.642,12.267,97.767,87.413,22.59,29.904,28.155,7.173,39.708,101.197,82.405,53.701,30.093,83.226,21.427, 
Arcila,13.061,26.493,35.06,47.582,135.608,13.675,55.464,119.947,20.129,66.813,54.82,102.077,35.635,68.938,66.638,113.861,91.016,67.229,57.698,79.524,34.987,67.608,75.229,38.95,6.794,32.365,78.133,23.181,16.31,98.851,47.648,57.904,35.659,20.052,58.946,81.009,51.811,34.948,16.901,83.989,64.136,68.31,38.562,73.682,71.766,0,61.071,65.883,56.367,73.745,68.492,57.313,44.255,27.168,5.969,60.314,30.839,67.017,60.509,32.97,32.624,19.123,110.758,57.874,19.154,33.582,19.496,63.699,41.329,49.467,8.224,10.777,56.279,135.676,14.532,67.147,31.521,57.563,54.421,17.143,54.343,57.509,67.618,69.147,56.53,54.73,53.216,51.695,67.947,89.859,42.488,132.556,103.846,53.634,24.517,51.716, 
Santa Cruz,58.431,59.19,57.851,35.48,100.626,48.051,14.588,84.965,48.665,20.985,42.715,67.095,83.342,56.833,59.341,78.879,78.911,59.932,50.401,78.904,46.49,60.311,13.751,21.352,64.38,31.814,43.152,41.224,51.77,63.869,95.355,33.698,83.366,67.759,15.3,30.225,44.202,82.655,43.117,71.884,56.839,61.013,44.596,20.183,24.376,61.071,0,53.194,112.546,30.545,25.956,9.091,12.699,40.846,48.41,59.695,30.22,41.624,38.727,24.961,73.702,45.65,68.216,45.184,60.233,74.66,47.402,63.725,20.595,7.68,52.422,40.638,32.149,93.134,42.905,41.752,87.7,56.944,53.802,39.635,40.173,42.601,30.226,67.548,57.194,40.56,52.597,51.076,23.836,47.317,56.775,90.014,61.31,53.015,65.595,37.546, 
Bernal,63.243,64.803,77.107,40.094,89.17,52.863,54.522,131.614,53.477,78.48,22.586,113.744,34.817,4.165,78.285,125.528,26.243,78.876,69.345,26.972,39.327,79.255,61.531,43.183,69.192,36.428,89.8,40.517,56.582,110.518,79.894,69.551,67.905,43.715,46.503,92.676,63.458,48.867,45.331,19.216,75.783,79.957,50.209,85.349,83.413,65.883,53.194,0,123.184,83.764,78.511,67.332,39.989,32.605,59.048,70.333,40.858,77.036,70.528,42.989,84.34,45.6,120.777,12.046,46.94,37.677,38.912,20.861,44.086,45.201,63.06,51.276,66.297,145.695,53.543,21.319,98.338,67.582,64.44,50.273,64.361,67.527,77.637,15.047,14.924,64.748,63.235,61.714,77.966,99.878,30.535,142.575,113.865,63.653,47.878,61.734, 
Coroneo,42.048,44.174,35.443,105.993,146.846,69.076,113.875,131.185,78.54,79.195,113.231,113.455,73.946,127.349,54.981,125.099,149.427,61.921,51.22,117.835,82.845,60.71,77.424,72.472,54.111,90.776,75.74,81.592,49.801,110.089,91.523,58.998,79.534,66.235,117.357,92.247,45.085,73.259,72.301,142.4,52.479,49.041,60.14,70.816,72.859,56.367,112.546,123.184,0,77.977,78.922,81.454,101.985,84.898,61.596,46.861,66.236,59.764,60.339,90.7,71.705,76.853,121.182,115.604,66.643,72.663,72.565,102.78,63.728,107.197,64.844,51.173,65.407,146.1,72.263,124.877,25.181,43.712,54.252,74.873,63.471,59.385,67.448,108.228,95.611,59.986,48.65,45.391,67.777,100.283,81.569,142.98,114.276,43.121,63.598,53.758, 
Pie de Gallo,71.105,52.633,52.902,66.573,79.367,60.725,39.721,63.706,61.339,11.124,73.811,41.61,96.016,87.929,50.081,54.471,110.007,51.254,38.809,110,77.583,51.633,17.151,54.218,77.054,62.907,8.008,53.898,64.444,42.61,108.029,27.782,96.04,80.433,38.668,24.769,37.446,95.329,55.791,102.98,47.579,51.753,41.887,10.543,17.402,73.745,30.545,83.764,77.977,0,6.024,21.797,44.952,71.743,66.924,40.303,47.533,21.009,24.298,49.663,92.216,64.163,53.92,76.307,78.746,93.174,71.412,94.847,40.843,39.933,70.935,59.152,30.452,78.839,61.419,85.58,106.214,37.552,31.729,58.148,34.823,28.172,15.797,98.67,88.316,26.12,33.434,31.685,8.564,33.021,102.08,75.719,42.225,33.623,84.109,24.957, 
Buenavista,65.852,53.578,53.847,61.32,73.587,55.472,35.132,57.926,56.086,5.871,68.558,35.683,90.763,82.676,51.026,48.544,104.754,52.199,39.754,104.747,72.33,52.578,14.287,52.405,71.801,57.654,12.91,48.645,59.191,36.83,102.776,28.726,90.787,75.18,34.079,18.988,38.391,90.076,50.538,97.727,48.524,52.698,42.831,12.74,18.347,68.492,25.956,78.511,78.922,6.024,0,28.597,39.64,66.431,61.612,42.629,42.221,25.468,26.624,44.351,86.904,58.851,48.608,70.995,73.434,87.862,66.1,89.535,43.169,34.621,65.623,53.84,32.778,73.527,56.107,80.268,100.902,39.878,34.055,52.836,37.149,30.498,18.123,93.358,83.004,28.973,35.76,34.011,12.2,27.709,96.768,70.407,36.297,35.949,78.797,27.283, 
Chichimequillas,54.673,55.432,56.379,50.141,96.868,44.293,18.266,81.207,44.907,12.152,57.379,63.337,79.584,71.497,53.558,75.121,93.575,54.731,42.286,93.568,61.151,55.11,4.918,25.03,60.622,46.475,20.298,37.466,48.012,60.111,91.597,31.259,79.608,64.001,17.214,21.393,40.444,78.897,39.359,86.548,51.056,55.23,40.838,11.35,15.543,57.313,9.091,67.332,81.454,21.797,28.597,0,16.378,44.525,52.089,45.901,33.899,32.793,29.896,28.64,77.381,49.329,59.385,48.863,63.912,78.339,51.081,67.404,24.274,11.359,56.101,44.317,36.05,84.303,46.584,43.667,91.379,43.15,37.327,43.314,40.421,33.77,21.395,71.227,60.873,31.718,39.032,37.283,15.005,38.486,60.454,81.183,52.479,39.221,69.274,30.555, 
La Griega,35.903,36.929,50.124,22.801,107.911,31.235,13.264,92.25,31.849,28.27,30.036,74.38,47.747,44.154,51.302,86.164,66.232,51.893,42.362,66.225,33.811,52.272,21.036,8.673,47.564,19.135,50.437,18.888,28.933,71.154,78.539,33.146,66.55,50.943,17.51,37.511,36.475,65.838,24.699,59.205,48.8,52.974,23.226,27.468,31.661,44.255,12.699,39.989,101.985,44.952,39.64,16.378,0,27.776,35.34,41.017,15.284,47.72,31.949,12.408,60.632,32.58,75.482,32.114,47.163,61.59,34.332,50.655,8.042,5.212,39.352,27.568,19.596,100.4,29.835,28.993,74.63,38.266,35.124,26.565,27.62,30.786,35.231,54.478,44.124,28.007,33.919,32.398,31.102,54.583,43.705,97.28,90.157,34.337,52.525,24.993, 
La Fuente,28.661,39.924,64.555,17.015,134.702,22.256,42.174,119.041,10.53,65.907,9.189,101.171,25.375,36.771,65.733,112.955,58.849,66.324,56.793,59.728,8.714,66.703,49.183,30.835,30.477,12.737,77.227,13.783,25.975,97.945,53.766,56.999,41.777,16.206,45.657,80.103,50.906,25.469,26.451,51.822,63.231,67.405,37.657,72.776,70.861,27.168,40.846,32.605,84.898,71.743,66.431,44.525,27.776,0,22.758,57.911,28.436,64.614,58.106,30.567,37.946,8.633,108.355,23.699,12.808,22.637,6.891,39.626,31.815,32.93,24.014,19.369,53.875,133.273,17.039,32.972,59.838,55.16,52.018,14.74,51.939,55.105,65.215,45.074,32.458,52.326,50.813,49.292,65.544,87.456,18.504,130.153,101.443,51.231,21.768,49.312, 
La D,7.092,20.524,29.091,29.269,129.883,7.706,49.739,114.222,12.755,61.088,49.095,96.352,42.269,63.213,60.913,108.136,85.291,61.504,51.973,85.284,31.472,61.883,69.504,28.978,12.295,24.991,72.408,17.456,10.341,93.126,54.282,52.179,42.293,26.686,53.221,75.284,46.086,41.582,10.932,78.264,58.411,62.585,32.837,67.957,66.041,5.969,48.41,59.048,61.596,66.924,61.612,52.089,35.34,22.758,0,50.734,21.258,57.437,50.929,22.228,38.126,15.15,101.177,48.293,24.656,39.084,24.998,69.201,30.587,39.886,13.726,4.808,46.698,126.095,9.849,57.566,36.524,47.983,44.841,9.134,44.762,47.928,58.038,70.656,62.032,45.149,43.636,42.115,58.366,80.278,47.99,122.975,94.265,44.054,30.019,42.135, 
Colonia los ngeles,50.444,29.583,21.786,53.142,110.76,47.295,61.024,95.099,47.908,43.109,60.38,77.369,82.585,74.498,8.544,89.013,96.576,17.162,6.461,96.569,64.152,15.951,41.338,36.386,63.623,49.476,28.477,40.468,43.474,74.003,94.598,22.912,82.609,67.003,64.506,56.161,10.496,81.898,39.24,89.549,6.042,10.216,24.054,34.73,36.773,60.314,59.695,70.333,46.861,40.303,42.629,45.901,41.017,57.911,50.734,0,30.133,16.026,24.235,30.093,77.997,49.945,85.078,62.068,64.528,78.955,57.194,80.608,27.625,48.306,56.717,44.933,29.304,109.996,47.2,71.341,91.995,5.42,12.58,43.93,27.368,12.713,31.344,84.431,74.077,23.883,11.858,9.287,31.673,64.179,87.861,106.876,78.172,7.017,69.89,17.654, 
