LOCALIDADES,Santa Elena Paliseca,El Huixm,San Bartolo Tutotepec,Santiago Tepeyahualco,San Juan Tilcuautla,Almoloya,Rinconada de los ngeles,Manuel vila Camacho,El Pedregal de San Jos,Xolotla,Huehuetla,Ixtlahuaca Barrio,Santa Mara Nativitas,El Saucillo,Rincones de la Hacienda,La Colonia,Santa Mara Asuncin,Cuacuila,Metztitln,Epazoyucan,San Pablito,Jagey de Tllez (Estacin Tllez),Unidades Habitacionales,Santiago Tlapacoya,PRI Chacn,Ciudad de Pahuatln de Valle,Santa Mara Aticpac,Forjadores de Pachuca,El Saucillo (Fraccionamiento),Los Reyes,San Felipe Teotitln,Acaxochitln,Singuilucan,Santa Ana Tzacuala,Almoloya,Tepepa (Santiago Tepepa),Colinas de Plata,Jaltepec,Los Tuzos,Privadas Santa Matilde,Huayacocotla,Unidad Minera 11 de Julio,Santa Ana Hueytlalpan,Pachuquilla,Parque Urbano Napateco,Javier Rojo Gmez,Campestre Villas del lamo,Jaltepec,Zempoala,Atotonilco el Grande,Tlanalapa,Acayuca,Emiliano Zapata,San Agustn Tlaxiaca,Mineral del Monte,Tepeapulco,Santiago Tulantepec,La Providencia Siglo XXI,Cuautepec de Hinojosa,Ciudad de Chignahuapan,Zacualtipn,Apan,Fray Bernardino de Sahagn (Ciudad Sahagn),Huauchinango,Tulancingo,Pachuca de Soto, 
Santa Elena Paliseca,0,91.503,87.391,64.218,75.175,9.628,76.724,63.239,27.154,46.985,124.546,38.95,8.184,82.997,25.442,83.213,25.444,39.054,117.665,51.961,60.703,81.511,26.204,75.741,61.621,50.428,70.761,82.68,60.778,30.136,76.353,25.783,39.997,31.275,54.902,23.298,62.732,58.778,81.843,85.263,96.538,61.536,35.727,57.251,27.764,24.085,61.139,25.759,61.964,63.477,52.846,103.601,64.967,83.346,69.109,45.357,16.198,60.119,11.074,33.571,127.034,56.064,50.638,36.055,19.699,64.998, 
El Huixm,91.503,0,128.082,40.758,12.993,67.289,19.312,21.15,53.368,100.364,189.317,129.781,67.682,14.675,59.53,8.746,74.222,113.158,104.636,33.37,114.082,18.409,52.418,4.673,15.143,103.807,41.897,10.231,16.485,87.205,61.731,81.598,55.007,84.654,73.73,88.554,16.229,68.013,10.948,13.157,127.591,19.434,76.418,19.725,65.881,55.635,20.541,59.847,33.588,50.447,45.007,6.98,85.381,13.009,27.02,52.473,60.641,20.153,65.02,126.935,114.004,67.132,53.658,103.32,59.127,11.602, 
San Bartolo Tutotepec,87.391,128.082,0,115.672,114.453,81.577,128.178,97.696,78.039,50.943,33.635,116.275,81.97,134.451,72.639,134.667,58.263,99.652,108.556,103.414,36.443,132.965,77.089,115.019,100.899,46.564,122.215,134.134,112.231,71.247,127.807,65.639,91.451,68.695,138.455,72.595,102.01,134.284,133.297,136.717,71.028,97.649,52.372,108.704,57.592,74.97,99.11,72.956,113.418,81.983,120.435,155.055,151.652,122.624,88.349,117.198,74.929,111.572,79.308,113.429,100.283,131.857,129.086,89.814,67.837,104.277, 
Santiago Tepeyahualco,64.218,40.758,115.672,0,44.46,54.449,24.984,38.714,40.527,87.515,176.468,116.932,54.842,31.258,46.681,31.474,61.373,100.309,122.201,27.364,101.233,29.772,39.577,45.026,32.708,90.958,14.947,30.941,30.249,74.356,7.921,68.749,24.145,71.805,37.874,75.705,33.794,24.65,30.104,33.524,124.38,36.998,63.569,32.376,53.04,42.794,38.105,46.998,10.225,68.012,9.151,40.406,30.839,52.631,44.585,16.617,47.801,30.95,52.18,114.086,131.569,31.276,17.802,90.471,46.287,34.284, 
San Juan Tilcuautla,75.175,12.993,114.453,44.46,0,66.75,22.724,20.611,52.829,99.825,188.778,129.242,67.143,14.938,58.991,16.966,73.683,112.619,104.098,32.831,113.543,26.629,51.879,8.976,14.605,103.268,45.172,18.451,17.205,86.666,49.452,81.059,58.283,84.115,77.005,88.015,15.691,62.79,19.168,21.377,127.053,18.895,75.879,19.186,65.342,55.096,20.002,59.308,36.863,49.909,48.282,25.025,80.158,16.582,26.482,55.748,60.102,19.614,64.481,126.396,113.466,70.407,56.933,102.781,58.588,13.127, 
Almoloya,9.628,67.289,81.577,54.449,66.75,0,68.395,54.91,18.825,51.343,140.732,48.209,5.104,74.668,17.113,74.884,25.202,47.576,109.336,43.632,65.061,73.182,16.635,67.412,53.292,54.786,62.432,74.351,52.449,28.674,68.024,24.941,31.668,35.633,53.173,24.844,54.403,74.501,73.514,76.934,88.209,53.207,27.398,48.922,19.435,15.756,52.81,17.43,53.635,55.148,51.118,95.272,63.239,75.017,60.78,43.629,7.414,51.79,2.269,42.83,118.705,54.336,48.91,44.577,11.37,56.669, 
Rinconada de los ngeles,76.724,19.312,128.178,24.984,22.724,68.395,0,16.373,39.405,86.401,175.354,115.818,53.719,8.917,45.567,9.133,60.259,99.195,99.86,9.119,100.119,15.939,38.455,22.686,10.367,89.844,25.45,8.6,7.908,73.242,29.731,67.635,38.561,70.691,57.284,74.591,11.453,43.069,7.763,11.183,122.815,14.657,62.455,8.062,51.918,41.672,15.764,45.884,17.142,45.671,28.561,18.065,60.437,30.291,22.244,36.027,46.678,4.49,51.057,112.972,109.228,50.686,37.211,89.357,45.164,11.944, 
Manuel vila Camacho,63.239,21.15,97.696,38.714,20.611,54.91,16.373,0,42.362,89.358,127.689,118.775,56.676,8.455,48.524,15.312,63.216,102.152,84.299,22.364,103.076,27.559,41.412,22.064,7.944,92.801,41.364,16.126,9.807,76.199,45.644,70.592,34.49,73.648,73.197,77.548,9.055,58.982,15.289,23.218,107.254,4.694,65.412,8.719,54.875,44.629,3.658,48.841,33.055,30.11,44.474,26.647,76.35,29.669,6.683,51.94,49.635,9.148,54.014,115.929,93.667,66.599,53.125,92.314,48.121,11.322, 
El Pedregal de San Jos,27.154,53.368,78.039,40.527,52.829,18.825,39.405,42.362,0,46.672,136.061,76.525,15.288,62.153,10.178,62.369,20.531,59.903,102.401,31.117,60.39,60.667,1.754,54.897,40.777,50.115,49.917,61.836,39.934,33.514,55.509,27.906,19.153,30.962,66.157,34.862,41.888,61.986,60.999,64.419,83.538,40.692,22.727,36.407,13.486,3.241,40.295,10.495,41.12,48.213,48.137,82.757,79.354,62.502,48.265,44.9,8.247,39.275,12.626,73.679,111.77,59.559,56.788,50.064,6.733,44.154, 
Xolotla,46.985,100.364,50.943,87.515,99.825,51.343,86.401,89.358,46.672,0,56.626,73.02,42.138,106.636,44.824,106.852,27.227,36.251,137.047,75.599,14.654,105.15,49.274,99.379,85.259,4.379,94.4,106.319,84.416,25.804,99.992,20.816,63.636,15.919,110.64,29.056,86.37,106.469,105.482,108.902,82.911,85.174,32.506,80.889,37.678,47.155,84.777,45.141,85.603,82.859,92.62,127.24,123.837,106.984,92.747,89.383,47.114,83.757,51.493,70.174,112.165,104.042,101.271,37.412,40.022,88.636, 
Huehuetla,124.546,189.317,33.635,176.468,188.778,140.732,175.354,127.689,136.061,56.626,0,142.82,128.158,196.465,134.653,196.681,121.545,91.471,141.779,165.428,54.254,194.979,145.504,189.208,175.088,52.247,184.229,196.148,174.245,109.131,189.821,113.604,153.465,71.608,199.762,108.826,176.199,196.298,195.311,198.731,104.251,175.003,82.683,170.718,87.903,137.422,174.606,134.97,175.432,115.206,182.449,217.069,213.666,196.813,121.572,179.212,137.381,173.586,141.76,139.974,133.506,193.871,191.1,90.345,130.289,178.465, 
Ixtlahuaca Barrio,38.95,129.781,116.275,116.932,129.242,48.209,115.818,118.775,76.525,73.02,142.82,0,59.75,136.873,75.061,137.089,61.953,56.451,167.284,105.836,85.895,135.387,85.912,129.616,115.496,75.62,124.637,136.556,114.653,47.533,130.229,52.006,93.873,56.467,75.278,47.228,116.607,114.299,135.719,139.139,124.961,115.411,64.15,111.126,68.353,77.83,115.014,75.378,115.84,113.096,122.857,157.477,91.456,137.221,122.984,92.859,77.789,113.994,53.118,3.706,176.653,78.841,96.862,53.452,70.697,118.873, 
Santa Mara Nativitas,8.184,67.682,81.97,54.842,67.143,5.104,53.719,56.676,15.288,42.138,128.158,59.75,0,75.324,17.769,75.54,20.719,41.944,109.992,44.288,55.978,73.838,18.531,68.068,53.948,45.703,63.088,75.007,53.105,24.791,68.68,21.058,32.324,26.55,56.263,21.048,55.059,75.157,74.17,77.59,88.865,53.863,28.054,49.578,20.091,16.412,53.466,18.086,54.291,55.804,61.308,95.928,92.525,75.673,61.436,46.719,9.372,52.446,3.812,43.55,119.361,57.426,69.959,38.945,12.026,57.325, 
El Saucillo,82.997,14.675,134.451,31.258,14.938,74.668,8.917,8.455,62.153,106.636,196.465,136.873,75.324,0,47.182,8.363,61.874,100.81,92.289,21.022,101.734,20.61,40.07,15.115,0.839,91.459,34.415,9.177,2.558,74.857,38.695,69.25,47.525,72.306,66.248,76.206,2.219,52.033,8.34,16.269,115.244,7.086,64.07,7.377,53.533,43.287,8.193,47.499,26.106,38.1,37.525,19.698,69.401,22.72,14.673,44.991,48.293,4.161,52.672,114.587,101.657,59.65,46.176,90.972,46.779,4.373, 
Rincones de la Hacienda,25.442,59.53,72.639,46.681,58.991,17.113,45.567,48.524,10.178,44.824,134.653,75.061,17.769,47.182,0,66.168,20.992,59.928,94.998,34.915,60.852,64.466,14.991,58.695,44.575,50.577,53.716,65.635,43.732,33.975,59.308,28.368,22.952,31.424,69.956,35.324,45.686,65.785,64.798,68.218,70.361,44.49,23.188,40.205,13.212,8.064,44.093,3.092,44.919,40.81,51.936,86.556,83.153,66.3,47.175,48.699,11.666,43.073,16.045,73.705,104.367,63.358,60.587,50.09,7.37,47.952, 
La Colonia,83.213,8.746,134.667,31.474,16.966,74.884,9.133,15.312,62.369,106.852,196.681,137.089,75.54,8.363,66.168,0,67.134,106.07,97.548,17.552,106.994,10.209,45.33,11.988,8.055,96.719,32.174,1.388,6.298,80.117,36.454,74.51,45.285,77.566,64.008,81.466,9.141,49.792,2.569,5.867,120.503,12.346,69.33,12.637,58.793,48.547,13.453,52.759,23.865,43.359,35.285,13.349,67.16,21.502,19.932,42.751,53.553,8.667,57.932,119.847,106.916,57.41,43.935,96.232,52.039,4.514, 
Santa Mara Asuncin,25.444,74.222,58.263,61.373,73.683,25.202,60.259,63.216,20.531,27.227,121.545,61.953,20.719,61.874,20.992,67.134,0,45.882,111.092,49.644,41.131,79.195,23.319,73.424,59.304,30.856,68.445,80.364,58.461,14.254,74.037,8.647,37.681,11.703,84.685,15.603,60.415,80.514,79.527,82.947,67.361,59.219,6.551,54.934,11.723,21.199,58.822,19.186,59.648,56.904,66.665,101.285,97.882,81.029,66.792,63.428,21.159,57.802,25.538,59.659,96.616,78.087,75.316,36.044,14.067,62.681, 
Cuacuila,39.054,113.158,99.652,100.309,112.619,47.576,99.195,102.152,59.903,36.251,91.471,56.451,41.944,100.81,59.928,106.07,45.882,0,150.247,88.799,50.629,118.35,68.875,112.579,98.459,40.354,107.6,119.519,97.616,32.502,113.192,36.975,76.836,41.436,113.632,32.197,99.57,119.669,118.682,122.102,107.924,98.374,47.113,94.089,51.316,60.793,97.977,58.341,98.803,96.059,105.82,140.44,137.037,120.184,105.947,102.583,60.752,96.957,65.131,53.844,159.616,117.242,114.471,4.588,53.66,101.836, 
Metztitln,117.665,104.636,108.556,122.201,104.098,109.336,99.86,84.299,102.401,137.047,141.779,167.284,109.992,92.289,94.998,97.548,111.092,150.247,0,105.121,145.044,110.316,113.004,104.821,90.701,133.732,124.121,98.883,92.564,131.722,128.401,126.115,117.247,129.171,155.954,133.071,91.812,141.739,98.046,105.975,55.283,87.451,108.215,91.476,105.676,104.352,88.912,98.552,115.812,54.123,127.231,109.404,159.107,112.426,81.035,134.697,109.68,91.905,114.059,171.452,24.436,149.356,135.882,147.837,105.384,94.079, 
Epazoyucan,51.961,33.37,103.414,27.364,32.831,43.632,9.119,22.364,31.117,75.599,165.428,105.836,44.288,21.022,34.915,17.552,49.644,88.799,105.121,0,89.981,24.443,28.317,34.013,21.694,79.706,27.978,19.927,19.235,63.104,42.805,57.497,15.487,60.553,52.795,64.453,22.78,49.282,19.09,22.511,128.47,20.326,52.317,10.339,41.78,31.534,19.93,35.746,19.577,51.326,28.796,29.393,66.65,41.618,27.899,31.538,36.54,12.459,40.919,102.834,114.883,46.196,36.065,79.219,35.026,23.271, 
San Pablito,60.703,114.082,36.443,101.233,113.543,65.061,100.119,103.076,60.39,14.654,54.254,85.895,55.978,101.734,60.852,106.994,41.131,50.629,145.044,89.981,0,115.924,60.048,110.153,96.033,10.275,105.174,117.093,95.19,39.521,110.766,34.533,74.41,29.636,121.414,42.773,97.144,117.243,116.256,119.676,91.101,95.948,41.714,91.663,48.452,57.929,95.551,55.915,96.377,93.633,103.394,138.014,134.611,117.758,103.521,100.157,57.888,94.531,62.267,83.891,120.355,114.816,112.045,52.065,50.796,99.41, 
Jagey de Tllez (Estacin Tllez),81.511,18.409,132.965,29.772,26.629,73.182,15.939,27.559,60.667,105.15,194.979,135.387,73.838,20.61,64.466,10.209,79.195,118.35,110.316,24.443,115.924,0,58.576,20.341,18.911,109.957,21.551,11.959,17.265,93.355,34.313,87.748,43.144,90.804,61.866,94.704,19.997,47.651,11.512,5.898,131.359,23.202,82.568,23.493,72.039,61.793,24.309,65.997,21.724,54.215,33.144,12.595,65.019,29.855,30.788,40.609,66.8,17.967,71.179,133.085,117.772,55.268,41.794,109.47,65.286,15.37, 
Unidades Habitacionales,26.204,52.418,77.089,39.577,51.879,16.635,38.455,41.412,1.754,49.274,145.504,85.912,18.531,40.07,14.991,45.33,23.319,68.875,113.004,28.317,60.048,58.576,0,55.72,41.6,50.939,50.74,62.659,40.757,34.338,56.332,28.73,19.976,31.786,66.98,35.686,42.711,62.809,61.822,65.242,84.362,41.515,23.551,37.23,14.31,4.064,41.118,11.319,41.943,49.037,48.96,83.58,80.177,63.325,49.088,45.723,9.071,40.098,13.45,74.502,112.594,60.382,57.611,50.887,7.557,44.977, 
Santiago Tlapacoya,75.741,4.673,115.019,45.026,8.976,67.412,22.686,22.064,54.897,99.379,189.208,129.616,68.068,15.115,58.695,11.988,73.424,112.579,104.821,34.013,110.153,20.341,55.72,0,13.783,102.446,44.35,12.855,16.383,85.844,48.63,80.237,57.461,83.293,76.183,87.193,14.869,70.637,13.572,15.781,126.231,18.073,75.057,18.364,64.52,54.274,19.18,58.486,36.041,49.087,47.46,10.434,88.005,10.472,25.66,54.926,59.28,18.792,63.659,125.574,112.644,69.585,56.111,101.959,57.766,12.305, 
PRI Chacn,61.621,15.143,100.899,32.708,14.605,53.292,10.367,7.944,40.777,85.259,175.088,115.496,53.948,0.839,44.575,8.055,59.304,98.459,90.701,21.694,96.033,18.911,41.6,13.783,0,89.298,34.058,8.82,3.105,72.696,38.338,67.089,30.986,70.145,65.891,74.045,1.708,51.676,7.983,15.912,113.082,4.925,61.909,5.216,51.372,41.126,6.032,45.338,25.749,35.938,37.168,19.341,69.044,22.363,12.511,44.634,46.132,5.644,50.511,112.426,99.495,59.293,45.819,88.811,44.618,4.016, 
Ciudad de Pahuatln de Valle,50.428,103.807,46.564,90.958,103.268,54.786,89.844,92.801,50.115,4.379,52.247,75.62,45.703,91.459,50.577,96.719,30.856,40.354,133.732,79.706,10.275,109.957,50.939,102.446,89.298,0,97.842,109.761,87.858,29.246,103.434,24.258,67.078,19.361,114.082,32.498,89.812,109.911,108.924,112.344,81.7,88.616,35.948,84.331,41.12,50.597,88.219,48.583,89.045,86.301,96.062,130.682,127.279,110.426,96.189,92.825,50.556,87.199,54.935,73.616,110.954,107.484,104.713,41.79,43.464,92.078, 
Santa Mara Aticpac,70.761,41.897,122.215,14.947,45.172,62.432,25.45,41.364,49.917,94.4,184.229,124.637,63.088,34.415,53.716,32.174,68.445,107.6,124.121,27.978,105.174,21.551,50.74,44.35,34.058,97.842,0,32.211,31.52,86.933,10.075,81.326,36.722,84.382,61.39,88.282,35.065,29.118,31.374,32.816,146.427,38.269,76.146,33.647,65.617,55.371,39.376,59.575,11.676,69.283,19.423,31.572,46.485,53.902,45.856,26.889,60.378,32.221,64.757,126.663,132.84,41.548,28.074,103.048,58.864,35.555, 
Forjadores de Pachuca,82.68,10.231,134.134,30.941,18.451,74.351,8.6,16.126,61.836,106.319,196.148,136.556,75.007,9.177,65.635,1.388,80.364,119.519,98.883,19.927,117.093,11.959,62.659,12.855,8.82,109.761,32.211,0,5.729,80.249,35.885,74.642,44.716,77.698,63.439,81.598,9.274,49.223,2,7.649,120.636,12.478,69.462,12.769,58.925,48.679,13.585,52.891,23.296,43.492,34.716,14.162,66.591,22.315,20.065,42.182,53.685,8.098,58.064,119.979,107.049,56.841,43.366,96.364,52.171,5.207, 
El Saucillo (Fraccionamiento),60.778,16.485,112.231,30.249,17.205,52.449,7.908,9.807,39.934,84.416,174.245,114.653,53.105,2.558,43.732,6.298,58.461,97.616,92.564,19.235,95.19,17.265,40.757,16.383,3.105,87.858,31.52,5.729,0,71.297,35.427,65.69,29.588,68.746,62.98,72.646,6.327,48.764,5.072,13.001,117.689,9.531,60.51,3.795,49.973,39.727,6.365,43.939,22.837,40.545,34.257,19.883,66.132,25.165,17.118,41.723,44.733,2.369,49.112,111.027,104.102,56.382,42.907,87.412,43.219,6.818, 
Los Reyes,30.136,87.205,71.247,74.356,86.666,28.674,73.242,76.199,33.514,25.804,109.131,47.533,24.791,74.857,33.975,80.117,14.254,32.502,131.722,63.104,39.521,93.355,34.338,85.844,72.696,29.246,86.933,80.249,71.297,0,87.019,5.407,50.663,10.278,97.667,9.014,73.397,93.496,92.509,95.929,80.343,72.201,19.533,67.916,24.705,34.182,71.804,32.168,72.63,69.886,79.647,114.267,110.864,94.011,79.774,76.41,34.141,70.784,28.233,50.876,109.598,91.069,88.298,27.26,27.049,75.663, 
San Felipe Teotitln,76.353,61.731,127.807,7.921,49.452,68.024,29.731,45.644,55.509,99.992,189.821,130.229,68.68,38.695,59.308,36.454,74.037,113.192,128.401,42.805,110.766,34.313,56.332,48.63,38.338,103.434,10.075,35.885,35.427,87.019,0,76.428,31.824,79.484,43.285,83.384,39.205,30.278,35.515,38.935,150.567,42.409,71.248,37.787,60.719,50.473,43.516,54.677,15.636,73.423,14.562,52.021,47.645,58.042,49.996,22.028,55.48,36.361,59.859,121.765,136.98,36.687,23.213,98.15,53.966,39.695, 
Acaxochitln,25.783,81.598,65.639,68.749,81.059,24.941,67.635,70.592,27.906,20.816,113.604,52.006,21.058,69.25,28.368,74.51,8.647,36.975,126.115,57.497,34.533,87.748,28.73,80.237,67.089,24.258,81.326,74.642,65.69,5.407,76.428,0,45.055,5.291,92.059,8.209,67.789,87.888,86.901,90.321,74.735,66.593,13.925,62.308,19.097,28.574,66.196,26.56,67.022,64.278,74.039,108.659,105.256,88.403,74.166,70.802,28.533,65.176,32.912,49.327,103.99,85.461,82.69,25.711,21.442,70.055, 
Singuilucan,39.997,55.007,91.451,24.145,58.283,31.668,38.561,34.49,19.153,63.636,153.465,93.873,32.324,47.525,22.952,45.285,37.681,76.836,117.247,15.487,74.41,43.144,19.976,57.461,30.986,67.078,36.722,44.716,29.588,50.663,31.824,45.055,0,49.02,48.24,52.92,46.772,44.069,43.082,46.502,101.595,49.976,40.784,27.648,30.255,20.009,31.536,24.213,23.203,80.99,30.22,64.841,61.437,65.61,57.563,26.983,25.016,43.929,29.395,91.301,144.547,41.642,38.871,67.686,23.502,47.263, 
Santa Ana Tzacuala,31.275,84.654,68.695,71.805,84.115,35.633,70.691,73.648,30.962,15.919,71.608,56.467,26.55,72.306,31.424,77.566,11.703,41.436,129.171,60.553,29.636,90.804,31.786,83.293,70.145,19.361,84.382,77.698,68.746,10.278,79.484,5.291,49.02,0,95.115,13.53,70.845,90.944,89.957,93.377,77.791,69.649,16.981,65.364,22.153,31.63,69.252,29.616,70.078,67.334,77.095,111.715,108.312,91.459,77.222,73.858,31.589,68.232,35.968,54.648,107.046,88.517,85.746,31.032,24.497,73.111, 
Almoloya,54.902,73.73,138.455,37.874,77.005,53.173,57.284,73.197,66.157,110.64,199.762,75.278,56.263,66.248,69.956,64.008,84.685,113.632,155.954,52.795,121.414,61.866,66.98,76.183,65.891,114.082,61.39,63.439,62.98,97.667,43.285,92.059,48.24,95.115,0,103.146,66.297,42.842,62.607,89.766,147.595,69.501,86.784,64.879,76.255,66.009,70.608,70.213,42.728,100.515,28.508,88.523,19.999,85.135,77.088,21.402,57.858,63.453,55.878,68.308,164.072,7.384,25.405,109.37,69.502,66.788, 
Tepepa (Santiago Tepepa),23.298,88.554,72.595,75.705,88.015,24.844,74.591,77.548,34.862,29.056,108.826,47.228,21.048,76.206,35.324,81.466,15.603,32.197,133.071,64.453,42.773,94.704,35.686,87.193,74.045,32.498,88.282,81.598,72.646,9.014,83.384,8.209,52.92,13.53,103.146,0,82.268,102.367,101.38,104.8,83.103,81.072,22.293,76.787,27.466,36.942,80.675,41.039,81.501,78.757,88.518,123.138,119.735,102.882,88.645,85.281,36.902,79.655,24.385,43.845,112.358,99.94,97.169,20.229,29.81,84.534, 
Colinas de Plata,62.732,16.229,102.01,33.794,15.691,54.403,11.453,9.055,41.888,86.37,176.199,116.607,55.059,2.219,45.686,9.141,60.415,99.57,91.812,22.78,97.144,19.997,42.711,14.869,1.708,89.812,35.065,9.274,6.327,73.397,39.205,67.789,46.772,70.845,66.297,82.268,0,53.29,9.597,17.526,112.315,4.158,61.142,4.449,50.605,40.359,5.265,44.571,27.363,35.171,38.782,20.955,70.658,23.977,11.744,46.248,45.365,4.877,49.744,111.659,98.728,60.907,47.433,88.044,43.851,5.63, 
Jaltepec,58.778,68.013,134.284,24.65,62.79,74.501,43.069,58.982,61.986,106.469,196.298,114.299,75.157,52.033,65.785,49.792,80.514,119.669,141.739,49.282,117.243,47.651,62.809,70.637,51.676,109.911,29.118,49.223,48.764,93.496,30.278,87.888,44.069,90.944,42.842,102.367,53.29,0,47.307,57.269,142.3,54.201,81.489,49.579,70.96,60.714,55.308,64.918,27.427,85.215,13.73,56.026,18.757,68.889,61.788,12.903,65.721,48.153,70.1,96.202,148.772,27.561,9.164,108.391,64.207,51.487, 
Los Tuzos,81.843,10.948,133.297,30.104,19.168,73.514,7.763,15.289,60.999,105.482,195.311,135.719,74.17,8.34,64.798,2.569,79.527,118.682,98.046,19.09,116.256,11.512,61.822,13.572,7.983,108.924,31.374,2,5.072,92.509,35.515,86.901,43.082,89.957,62.607,101.38,9.597,47.307,0,7.483,119.594,11.436,68.42,11.727,57.883,47.637,12.543,51.849,22.254,42.45,33.674,14.365,65.549,22.829,19.023,41.14,52.643,7.056,57.022,118.937,106.007,55.799,42.324,95.322,51.129,5.722, 
Privadas Santa Matilde,85.263,13.157,136.717,33.524,21.377,76.934,11.183,23.218,64.419,108.902,198.731,139.139,77.59,16.269,68.218,5.867,82.947,122.102,105.975,22.511,119.676,5.898,65.242,15.781,15.912,112.344,32.816,7.649,13.001,95.929,38.935,90.321,46.502,93.377,89.766,104.8,17.526,57.269,7.483,0,127.18,19.023,86.78,15.051,76.251,66.005,20.13,70.209,25.937,50.036,37.356,9.178,77.754,25.676,26.609,44.822,71.012,13.625,75.391,137.297,113.593,59.481,46.007,113.682,69.498,11.191, 
Huayacocotla,96.538,127.591,71.028,124.38,127.053,88.209,122.815,107.254,83.538,82.911,104.251,124.961,88.865,115.244,70.361,120.503,67.361,107.924,55.283,128.47,91.101,131.359,84.362,126.231,113.082,81.7,146.427,120.636,117.689,80.343,150.567,74.735,101.595,77.791,147.595,83.103,112.315,142.3,119.594,127.18,0,110.406,61.52,114.431,66.74,84.119,111.867,82.105,138.767,77.078,150.186,132.359,160.801,135.381,103.99,126.347,84.078,114.86,88.457,122.578,30.847,141.006,158.837,98.963,76.986,117.034, 
Unidad Minera 11 de Julio,61.536,19.434,97.649,36.998,18.895,53.207,14.657,4.694,40.692,85.174,175.003,115.411,53.863,7.086,44.49,12.346,59.219,98.374,87.451,20.326,95.948,23.202,41.515,18.073,4.925,88.616,38.269,12.478,9.531,72.201,42.409,66.593,49.976,69.649,69.501,81.072,4.158,54.201,11.436,19.023,110.406,0,62.841,6.148,52.304,42.058,3.239,46.27,29.72,33.24,41.139,23.313,73.015,26.335,9.813,48.605,47.064,6.576,51.443,113.358,96.797,63.264,49.79,89.743,45.55,7.987, 
Santa Ana Hueytlalpan,35.727,76.418,52.372,63.569,75.879,27.398,62.455,65.412,22.727,32.506,82.683,64.15,28.054,64.07,23.188,69.33,6.551,47.113,108.215,52.317,41.714,82.568,23.551,75.057,61.909,35.948,76.146,69.462,60.51,19.533,71.248,13.925,40.784,16.981,86.784,22.293,61.142,81.489,68.42,86.78,61.52,62.841,0,57.043,5.93,23.309,60.931,21.295,61.757,59.013,68.774,103.394,99.991,83.138,68.901,65.537,23.268,59.911,27.647,61.768,90.775,80.196,77.425,38.153,16.176,64.79, 
Pachuquilla,57.251,19.725,108.704,32.376,19.186,48.922,8.062,8.719,36.407,80.889,170.718,111.126,49.578,7.377,40.205,12.637,54.934,94.089,91.476,10.339,91.663,23.493,37.23,18.364,5.216,84.331,33.647,12.769,3.795,67.916,37.787,62.308,27.648,65.364,64.879,76.787,4.449,49.579,11.727,15.051,114.431,6.148,57.043,0,46.316,36.07,5.664,40.282,26.524,37.061,37.944,24.849,69.819,27.871,13.634,45.41,41.076,2.844,45.455,107.37,100.618,60.069,46.594,83.755,39.562,9.523, 
Parque Urbano Napateco,27.764,65.881,57.592,53.04,65.342,19.435,51.918,54.875,13.486,37.678,87.903,68.353,20.091,53.533,13.212,58.793,11.723,51.316,105.676,41.78,48.452,72.039,14.31,64.52,51.372,41.12,65.617,58.925,49.973,24.705,60.719,19.097,30.255,22.153,76.255,27.466,50.605,70.96,57.883,76.251,66.74,52.304,5.93,46.316,0,13.759,50.812,12.48,51.638,45.415,58.655,93.275,89.872,73.019,58.782,55.418,12.816,49.792,17.195,65.698,108.972,70.077,67.306,42.083,7.264,54.671, 
Javier Rojo Gmez,24.085,55.635,74.97,42.794,55.096,15.756,41.672,44.629,3.241,47.155,137.422,77.83,16.412,43.287,8.064,48.547,21.199,60.793,104.352,31.534,57.929,61.793,4.064,54.274,41.126,50.597,55.371,48.679,39.727,34.182,50.473,28.574,20.009,31.63,66.009,36.942,40.359,60.714,47.637,66.005,84.119,42.058,23.309,36.07,13.759,0,38.338,6.308,39.163,44.064,46.18,80.8,77.397,60.545,46.308,42.943,11.627,37.318,16.006,82.118,107.621,57.602,54.831,58.503,10.113,42.197, 
Campestre Villas del lamo,61.139,20.541,99.11,38.105,20.002,52.81,15.764,3.658,40.295,84.777,174.606,115.014,53.466,8.193,44.093,13.453,58.822,97.977,88.912,19.93,95.551,24.309,41.118,19.18,6.032,88.219,39.376,13.585,6.365,71.804,43.516,66.196,31.536,69.252,70.608,80.675,5.265,55.308,12.543,20.13,111.867,3.239,60.931,5.664,50.812,38.338,0,46.844,31.058,33.592,42.477,24.65,74.353,27.672,10.165,49.943,47.638,7.151,52.017,113.932,97.149,64.602,51.128,90.317,46.124,9.325, 
Jaltepec,25.759,59.847,72.956,46.998,59.308,17.43,45.884,48.841,10.495,45.141,134.97,75.378,18.086,47.499,3.092,52.759,19.186,58.341,98.552,35.746,55.915,65.997,11.319,58.486,45.338,48.583,59.575,52.891,43.939,32.168,54.677,26.56,24.213,29.616,70.213,41.039,44.571,64.918,51.849,70.209,82.105,46.27,21.295,40.282,12.48,6.308,46.844,0,44.925,38.204,51.942,86.562,83.159,66.306,44.569,48.705,11.672,43.079,16.051,73.445,101.761,63.364,60.593,49.83,7.376,47.958, 
Zempoala,61.964,33.588,113.418,10.225,36.863,53.635,17.142,33.055,41.12,85.603,175.432,115.84,54.291,26.106,44.919,23.865,59.648,98.803,115.812,19.577,96.377,21.724,41.943,36.041,25.749,89.045,11.676,23.296,22.837,72.63,15.636,67.022,23.203,70.078,42.728,81.501,27.363,27.427,22.254,25.937,138.767,29.72,61.757,26.524,51.638,39.163,31.058,44.925,0,59.718,15.299,32.112,47.175,44.337,36.291,22.765,43.787,22.656,48.166,110.072,123.275,37.424,23.949,86.457,42.273,25.99, 
Atotonilco el Grande,63.477,50.447,81.983,68.012,49.909,55.148,45.671,30.11,48.213,82.859,115.206,113.096,55.804,38.1,40.81,43.359,56.904,96.059,54.123,51.326,93.633,54.215,49.037,49.087,35.938,86.301,69.283,43.492,40.545,69.886,73.423,64.278,80.99,67.334,100.515,78.757,35.171,85.215,42.45,50.036,77.078,33.24,59.013,37.061,45.415,44.064,33.592,38.204,59.718,0,72.342,54.515,104.218,57.537,26.146,79.808,54.791,37.016,59.17,116.563,64.508,94.467,80.993,92.948,50.495,39.19, 
Tlanalapa,52.846,45.007,120.435,9.151,48.282,51.118,28.561,44.474,48.137,92.62,182.449,122.857,61.308,37.525,51.936,35.285,66.665,105.82,127.231,28.796,103.394,33.144,48.96,47.46,37.168,96.062,19.423,34.716,34.257,79.647,14.562,74.039,30.22,77.095,28.508,88.518,38.782,13.73,33.674,37.356,150.186,41.139,68.774,37.944,58.655,46.18,42.477,51.942,15.299,72.342,0,44.264,21.484,56.489,48.442,7.258,53.027,34.808,57.406,94.025,135.426,21.917,8.447,95.697,51.513,38.142, 
Acayuca,103.601,6.98,155.055,40.406,25.025,95.272,18.065,26.647,82.757,127.24,217.069,157.477,95.928,19.698,86.556,13.349,101.285,140.44,109.404,29.393,138.014,12.595,83.58,10.434,19.341,130.682,31.572,14.162,19.883,114.267,52.021,108.659,64.841,111.715,88.523,123.138,20.955,56.026,14.365,9.178,132.359,23.313,103.394,24.849,93.275,80.8,24.65,86.562,32.112,54.515,44.264,0,74.96,12.863,30.961,63.516,89.056,20.776,93.435,155.341,117.945,85.339,59.426,131.726,87.542,15.543, 
Emiliano Zapata,64.967,85.381,151.652,30.839,80.158,63.239,60.437,76.35,79.354,123.837,213.666,91.456,92.525,69.401,83.153,67.16,97.882,137.037,159.107,66.65,134.611,65.019,80.177,88.005,69.044,127.279,46.485,66.591,66.132,110.864,47.645,105.256,61.437,108.312,19.999,119.735,70.658,18.757,65.549,77.754,160.801,73.015,99.991,69.819,89.872,77.397,74.353,83.159,47.175,104.218,21.484,74.96,0,86.2,79.098,19.305,83.031,65.463,87.41,85.682,166.082,15.646,15.567,125.701,81.517,68.797, 
San Agustn Tlaxiaca,83.346,13.009,122.624,52.631,16.582,75.017,30.291,29.669,62.502,106.984,196.813,137.221,75.673,22.72,66.3,21.502,81.029,120.184,112.426,41.618,117.758,29.855,63.325,10.472,22.363,110.426,53.902,22.315,25.165,94.011,58.042,88.403,65.61,91.459,85.135,102.882,23.977,68.889,22.829,25.676,135.381,26.335,83.138,27.871,73.019,60.545,27.672,66.306,44.337,57.537,56.489,12.863,86.2,0,34.045,63.311,67.665,27.177,72.044,133.959,121.029,77.97,64.496,110.344,66.151,20.69, 
Mineral del Monte,69.109,27.02,88.349,44.585,26.482,60.78,22.244,6.683,48.265,92.747,121.572,122.984,61.436,14.673,47.175,19.932,66.792,105.947,81.035,27.899,103.521,30.788,49.088,25.66,12.511,96.189,45.856,20.065,17.118,79.774,49.996,74.166,57.563,77.222,77.088,88.645,11.744,61.788,19.023,26.609,103.99,9.813,68.901,13.634,58.782,46.308,10.165,44.569,36.291,26.146,48.442,30.961,79.098,34.045,0,57.083,54.778,14.291,59.157,121.072,86.788,71.742,58.268,97.457,53.264,16.465, 
Tepeapulco,45.357,52.473,117.198,16.617,55.748,43.629,36.027,51.94,44.9,89.383,179.212,92.859,46.719,44.991,48.699,42.751,63.428,102.583,134.697,31.538,100.157,40.609,45.723,54.926,44.634,92.825,26.889,42.182,41.723,76.41,22.028,70.802,26.983,73.858,21.402,85.281,46.248,12.903,41.14,44.822,126.347,48.605,65.537,45.41,55.418,42.943,49.943,48.705,22.765,79.808,7.258,63.516,19.305,63.311,57.083,0,49.767,42.203,46.332,86.919,142.822,14.811,4.359,92.437,48.253,45.538, 
Santiago Tulantepec,16.198,60.641,74.929,47.801,60.102,7.414,46.678,49.635,8.247,47.114,137.381,77.789,9.372,48.293,11.666,53.553,21.159,60.752,109.68,36.54,57.888,66.8,9.071,59.28,46.132,50.556,60.378,53.685,44.733,34.141,55.48,28.533,25.016,31.589,57.858,36.902,45.365,65.721,52.643,71.012,84.078,47.064,23.268,41.076,12.816,11.627,47.638,11.672,43.787,54.791,53.027,89.056,83.031,67.665,54.778,49.767,0,45.397,6.06,49.812,112.941,65.681,62.91,50.651,7.32,50.276, 
La Providencia Siglo XXI,60.119,20.153,111.572,30.95,19.614,51.79,4.49,9.148,39.275,83.757,173.586,113.994,52.446,4.161,43.073,8.667,57.802,96.957,91.905,12.459,94.531,17.967,40.098,18.792,5.644,87.199,32.221,8.098,2.369,70.784,36.361,65.176,43.929,68.232,63.453,79.655,4.877,48.153,7.056,13.625,114.86,6.576,59.911,2.844,49.792,37.318,7.151,43.079,22.656,37.016,34.808,20.776,65.463,27.177,14.291,42.203,45.397,0,48.16,110.075,100.423,53.925,40.45,86.46,42.267,9.163, 
Cuautepec de Hinojosa,11.074,65.02,79.308,52.18,64.481,2.269,51.057,54.014,12.626,51.493,141.76,53.118,3.812,52.672,16.045,57.932,25.538,65.131,114.059,40.919,62.267,71.179,13.45,63.659,50.511,54.935,64.757,58.064,49.112,28.233,59.859,32.912,29.395,35.968,55.878,24.385,49.744,70.1,57.022,75.391,88.457,51.443,27.647,45.455,17.195,16.006,52.017,16.051,48.166,59.17,57.406,93.435,87.41,72.044,59.157,46.332,6.06,48.16,0,43.986,116.436,56.201,67.034,42.232,9.101,54.4, 
Ciudad de Chignahuapan,33.571,126.935,113.429,114.086,126.396,42.83,112.972,115.929,73.679,70.174,139.974,3.706,43.55,114.587,73.705,119.847,59.659,53.844,171.452,102.834,83.891,133.085,74.502,125.574,112.426,73.616,126.663,119.979,111.027,50.876,121.765,49.327,91.301,54.648,68.308,43.845,111.659,96.202,118.937,137.297,122.578,113.358,61.768,107.37,65.698,82.118,113.932,73.445,110.072,116.563,94.025,155.341,85.682,133.959,121.072,86.919,49.812,110.075,43.986,0,172.812,73.249,91.27,49.611,66.856,115.032, 
Zacualtipn,127.034,114.004,100.283,131.569,113.466,118.705,109.228,93.667,111.77,112.165,133.506,176.653,119.361,101.657,104.367,106.916,96.616,159.616,24.436,114.883,120.355,117.772,112.594,112.644,99.495,110.954,132.84,107.049,104.102,109.598,136.98,103.99,144.547,107.046,164.072,112.358,98.728,148.772,106.007,113.593,30.847,96.797,90.775,100.618,108.972,107.621,97.149,101.761,123.275,64.508,135.426,117.945,166.082,121.029,86.788,142.822,112.941,100.423,116.436,172.812,0,158.724,145.25,128.218,114.752,103.447, 
Apan,56.064,67.132,131.857,31.276,70.407,54.336,50.686,66.599,59.559,104.042,193.871,78.841,57.426,59.65,63.358,57.41,78.087,117.242,149.356,46.196,114.816,55.268,60.382,69.585,59.293,107.484,41.548,56.841,56.382,91.069,36.687,85.461,41.642,88.517,7.384,99.94,60.907,27.561,55.799,59.481,141.006,63.264,80.196,60.069,70.077,57.602,64.602,63.364,37.424,94.467,21.917,85.339,15.646,77.97,71.742,14.811,65.681,53.925,56.201,73.249,158.724,0,19.319,112.982,63.426,60.711, 
Fray Bernardino de Sahagn (Ciudad Sahagn),50.638,53.658,129.086,17.802,56.933,48.91,37.211,53.125,56.788,101.271,191.1,96.862,69.959,46.176,60.587,43.935,75.316,114.471,135.882,36.065,112.045,41.794,57.611,56.111,45.819,104.713,28.074,43.366,42.907,88.298,23.213,82.69,38.871,85.746,25.405,97.169,47.433,9.164,42.324,46.007,158.837,49.79,77.425,46.594,67.306,54.831,51.128,60.593,23.949,80.993,8.447,59.426,15.567,64.496,58.268,4.359,62.91,40.45,67.034,91.27,145.25,19.319,0,103.314,59.13,45.759, 
Huauchinango,36.055,103.32,89.814,90.471,102.781,44.577,89.357,92.314,50.064,37.412,90.345,53.452,38.945,90.972,50.09,96.232,36.044,4.588,147.837,79.219,52.065,109.47,50.887,101.959,88.811,41.79,103.048,96.364,87.412,27.26,98.15,25.711,67.686,31.032,109.37,20.229,88.044,108.391,95.322,113.682,98.963,89.743,38.153,83.755,42.083,58.503,90.317,49.83,86.457,92.948,95.697,131.726,125.701,110.344,97.457,92.437,50.651,86.46,42.232,49.611,128.218,112.982,103.314,0,42.886,91.062, 
Tulancingo,19.699,59.127,67.837,46.287,58.588,11.37,45.164,48.121,6.733,40.022,130.289,70.697,12.026,46.779,7.37,52.039,14.067,53.66,105.384,35.026,50.796,65.286,7.557,57.766,44.618,43.464,58.864,52.171,43.219,27.049,53.966,21.442,23.502,24.497,69.502,29.81,43.851,64.207,51.129,69.498,76.986,45.55,16.176,39.562,7.264,10.113,46.124,7.376,42.273,50.495,51.513,87.542,81.517,66.151,53.264,48.253,7.32,42.267,9.101,66.856,114.752,63.426,59.13,42.886,0,48.709, 
Pachuca de Soto,64.998,11.602,104.277,34.284,13.127,56.669,11.944,11.322,44.154,88.636,178.465,118.873,57.325,4.373,47.952,4.514,62.681,101.836,94.079,23.271,99.41,15.37,44.977,12.305,4.016,92.078,35.555,5.207,6.818,75.663,39.695,70.055,47.263,73.111,66.788,84.534,5.63,51.487,5.722,11.191,117.034,7.987,64.79,9.523,54.671,42.197,9.325,47.958,25.99,39.19,38.142,15.543,68.797,20.69,16.465,45.538,50.276,9.163,54.4,115.032,103.447,60.711,45.759,91.062,48.709,0, 
