LOCALIDADES,Churintzio,Fraccionamiento Ex-Hacienda el Refugio,Santa Rita,Zopoco,Fraccionamiento San Miguel,San Miguel de la Paz,Betania,Santa Cruz el Grande,Portezuelo,Chaparaco,Cocucho,Cumuatillo,Tanaco,El Platanal (La Planta),Laguna Larga de Corts,Pamatcuaro,La Sauceda,Villamar,Tlazazalca,La Luz,Atecucario de la Constitucin (Atecuario),Paso de Hidalgo (Paso de lamos),Penjamillo de Degollado,Ocumicho,Patamban (Patambam),Emiliano Zapata,Huncito,Nurio,Fraccionamiento Vistas del Maguey,La Palma (La Palma de Jess),Ichn,Charapan,Valle de Jurez,La Cantera,Santa Mara del Valle,La Rinconada,Briseas de Matamoros,Ixtln de los Hervores,Ecuandureo,Numarn,San Jos de Gracia,San Francisco de Ass,Cuitzeo (La Estancia),Angahuan,Chavinda,Carapan,Cojumatln de Rgules,Santa Clara de Valladares,Tingindn,Chilchota,La Ribera,Mazamitla,Jess Mara,Ario de Rayn (Ario Santa Mnica),Tarecuato,San Jos de Gracia,Tanhuato de Guerrero,San Ignacio Cerro Gordo,Pajacuarn,Santa Ana Pacueco,Santiago Tangamandapio,Vista Hermosa de Negrete,Degollado,Ayotln,Venustiano Carranza,Tototln,Capilla de Guadalupe,Cotija de la Paz,Purpero de Echiz,Tanganccuaro de Arista,Peribn de Ramos,Jamay,Yurcuaro,Jiquilpan de Jurez,Atotonilco el Alto,La Barca,Los Reyes de Salgado,Arandas,Jacona de Plancarte,Sahuayo de Morelos,La Piedad de Cabadas,Ocotln,Zamora de Hidalgo, 
Churintzio,0,49.534,85.473,48.652,102.779,84.461,92.39,101.187,68.819,46.921,70.86,80.848,62.858,52.133,39.964,82.478,48.574,89.354,21.047,76.345,35.511,69.43,21.675,54.511,60.72,92.728,48.383,84.519,83.251,101.715,45.33,81.365,140.863,65.712,130.126,37.303,65.241,73.42,18.449,21.152,110.139,101.298,92.973,112.207,69.981,42.739,110.427,102.529,89.331,53.343,40.755,150.654,92.748,47.861,72.9,139.132,42.053,123.667,86.434,35.297,65.396,75.446,48.322,75.047,87.412,99.316,133.805,112.16,32.527,42.271,118.278,79.095,39.897,104.766,85.887,62.837,107.947,122.887,48.805,97.043,35.364,92.027,42.768, 
Fraccionamiento Ex-Hacienda el Refugio,49.534,0,99.481,26.431,73.458,91.022,127.24,108.185,82.827,4.017,39.929,82.425,51.35,4.337,76.125,51.547,28.652,50.8,27.748,51.461,18.552,63.239,85.066,23.58,29.789,54.174,28.392,49.097,97.259,89.898,33.986,50.434,105.961,24.439,144.134,17.38,65.88,53.497,36.177,73.902,124.147,115.306,99.971,62.798,31.427,32.648,93.182,61.256,48.058,22.976,78.691,115.753,127.598,14.599,31.627,104.231,69.974,137.675,56.551,66.156,26.842,55.523,83.172,109.897,66.446,113.324,147.813,73.606,43.342,10.971,77.005,85.657,77.453,68.657,99.895,65.734,66.674,136.895,12.68,75.231,65.082,96.708,8, 
Santa Rita,85.473,99.481,0,131.845,68.202,39.525,31.965,67.046,17.274,93.39,133.75,46.271,146.051,98.602,67.256,145.33,71.867,69.483,104.24,59.972,90.678,34.853,118.267,117.401,123.61,83.675,131.576,142.918,25.473,67.138,128.523,144.255,106.286,99.208,72.348,82.36,30.664,60.294,73.616,68.137,52.361,43.52,58.832,156.619,79.812,125.932,75.85,136.033,122.834,116.798,18.937,116.077,32.324,83.119,108.699,104.555,28.495,65.889,60.462,57.662,88.341,41.579,35.74,14.622,52.835,53.747,76.027,110.533,115.72,104.793,151.781,44.518,20.637,70.189,28.109,27.517,141.45,47.15,95.274,62.466,54.166,55.569,89.237, 
Zopoco,48.652,26.431,131.845,0,98.902,115.063,140.913,132.226,114.519,28.058,42.899,106.466,24.919,25.927,88.487,54.517,52.693,76.244,27.814,80.463,42.593,87.28,44.666,26.55,32.759,79.618,1.961,46.581,128.951,115.342,7.555,60.488,131.405,49.882,175.826,41.421,89.921,77.538,60.218,69.674,155.839,146.998,124.012,74.269,56.871,6.217,118.626,75.216,62.017,4.691,102.732,141.197,141.271,38.64,57.07,129.675,94.015,169.367,81.995,83.82,52.285,79.564,96.845,123.57,113.03,145.016,179.505,99.05,16.911,17.206,89.242,109.698,101.494,94.101,131.587,89.775,80.633,168.587,38.123,100.675,83.887,120.749,32.041, 
Fraccionamiento San Miguel,102.779,73.458,68.202,98.902,0,59.115,102.767,76.278,56.853,68.043,108.068,23.007,119.489,68.346,112.75,82.38,77.942,24.396,95.887,38.586,77.539,43.741,131.357,91.719,73.948,20.725,96.531,117.236,71.285,22.862,102.125,95.089,43.336,57.475,118.16,72.095,39.552,66.369,86.706,121.922,98.173,89.332,68.064,107.774,48.719,100.787,26.146,73.083,59.884,91.115,75.228,53.127,108.396,67.192,45.749,41.605,66.511,111.701,26.935,114.556,46.609,50.467,102.655,90.42,17.794,87.964,121.839,47.583,111.481,79.11,88.831,53.75,73.99,7.239,73.921,42.345,78.5,110.921,59.049,8.195,113.482,64.801,65.914, 
San Miguel de la Paz,84.461,91.022,39.525,115.063,59.115,0,68.505,35.946,22.591,91.308,131.668,42.432,149.17,96.52,103.889,141.492,69.785,65.645,107.359,57.89,88.445,35.584,121.386,115.319,121.528,79.837,120.132,140.836,37.023,37.142,131.642,142.173,102.448,116.587,83.898,80.278,31.395,58.212,76.735,111.952,63.911,55.07,27.732,154.537,77.73,129.051,72.012,132.195,118.996,114.716,56.092,112.239,74.134,81.037,104.861,100.717,57.65,77.439,56.623,104.585,105.721,42.31,74.889,56.158,48.997,31.187,82.972,106.695,118.839,102.711,147.943,13.418,65.128,66.351,39.659,29.781,137.612,76.659,93.192,58.628,103.511,24.469,87.155, 
Betania,92.39,127.24,31.965,140.913,102.767,68.505,0,87.131,34.522,108.897,149.257,66.356,161.558,114.109,95.247,165.415,87.374,89.568,119.747,75.479,106.185,54.938,133.774,132.908,139.117,103.76,147.083,158.425,21.193,87.223,144.03,159.762,126.371,114.715,44.651,97.867,50.749,75.801,89.123,96.127,45.321,36.48,78.917,172.126,95.319,141.439,95.935,156.118,142.919,132.305,63.616,136.162,35.435,98.626,128.784,124.64,70.038,34.896,80.547,85.652,103.848,61.492,63.731,36.645,72.92,46.795,45.034,130.618,131.227,120.3,171.866,64.603,65.316,90.274,16.397,48.345,161.535,16.173,110.781,82.551,82.156,75.654,104.744, 
Santa Cruz el Grande,101.187,108.185,67.046,132.226,76.278,35.946,87.131,0,54.702,102.141,142.501,53.265,161.088,107.353,115.808,152.325,80.618,76.478,119.277,68.723,99.278,46.417,133.305,126.152,132.361,90.67,146.613,151.669,69.134,48.475,143.56,153.006,113.281,127.42,116.009,91.111,42.228,69.045,88.654,123.87,75.169,87.181,11.192,165.37,88.563,140.969,82.845,143.028,129.829,125.549,74.594,123.072,106.245,91.87,115.694,111.55,69.569,86.677,67.456,116.504,116.554,53.143,105.713,88.269,59.83,36.465,121.668,117.528,130.757,113.544,158.776,23.133,77.047,77.184,60.609,40.613,148.445,108.77,104.025,69.461,115.43,12.454,97.988, 
Portezuelo,68.819,82.827,17.274,114.519,56.853,22.591,34.522,54.702,0,76.344,116.704,33.803,129.005,81.556,83.724,132.862,54.821,57.015,87.194,42.926,73.632,22.385,101.221,100.355,106.564,71.207,114.53,125.872,16.336,54.67,111.477,127.209,93.818,82.162,63.211,65.314,18.196,43.248,56.57,91.787,43.224,34.383,46.364,139.573,62.766,108.886,63.382,123.565,110.366,99.752,33.842,103.609,51.884,66.073,96.231,92.087,37.485,56.752,47.994,84.42,71.295,28.939,52.639,33.908,40.367,44.61,66.89,98.065,98.674,87.747,139.313,32.05,35.542,57.721,18.972,15.792,128.982,55.972,78.228,49.998,83.346,43.101,72.191, 
Chaparaco,46.921,4.017,93.39,28.058,68.043,91.308,108.897,102.141,76.344,0,40.42,80.279,51.842,5.272,73.979,52.038,26.506,52.433,28.24,54.276,16.407,61.093,82.92,24.071,30.28,55.807,28.884,49.588,95.113,91.531,34.477,50.925,107.594,26.071,141.988,15.234,63.734,51.351,34.031,71.756,122.001,113.16,97.825,63.289,33.06,33.14,94.815,62.888,49.69,23.468,76.545,117.386,125.452,11.982,33.259,105.864,67.828,135.529,58.184,64.01,28.474,53.377,81.026,107.751,86.843,111.178,145.667,75.238,43.834,11.463,78.637,83.511,75.307,70.29,97.749,63.588,68.306,134.749,14.312,76.864,62.936,94.562,5.383, 
Cocucho,70.86,39.929,133.75,42.899,108.068,131.668,149.257,142.501,116.704,40.42,0,119.963,27.776,39.424,113.663,23.058,66.19,89.741,50.387,93.96,56.09,100.777,79.933,17.175,25.218,93.115,44.859,9.168,134.797,128.839,54.75,10.505,115.907,41.743,181.672,54.918,103.418,91.035,73.715,91.82,161.685,152.844,137.509,22.869,70.368,53.499,132.123,46.327,46.144,39.443,116.229,154.694,165.136,52.137,48.931,143.172,107.512,175.213,95.492,103.694,53.502,93.061,120.71,147.435,126.527,150.862,185.351,75.337,59.809,29.509,47.262,123.195,114.991,107.598,137.433,103.272,49.375,174.433,51.62,114.172,102.62,134.246,45.538, 
Cumuatillo,80.848,82.425,46.271,106.466,23.007,42.432,66.356,53.265,33.803,80.279,119.963,0,136.133,85.026,89.743,99.06,54.935,23.212,94.322,21.899,73.595,20.734,108.35,100.469,90.628,37.405,105.282,125.986,48.278,20.868,118.605,111.769,60.016,74.155,95.153,65.428,16.545,43.362,63.699,98.915,75.166,66.325,45.056,124.454,38.925,116.014,29.579,89.763,76.564,99.866,52.221,69.807,85.389,66.187,62.429,58.285,43.504,88.694,14.191,91.549,63.289,27.46,79.648,67.413,6.565,64.957,98.832,64.263,105.802,87.861,105.511,30.742,50.983,23.919,50.914,19.338,95.18,87.914,75.729,16.196,90.475,41.793,72.305, 
Tanaco,62.858,51.35,146.051,24.919,119.489,149.17,161.558,161.088,129.005,51.842,27.776,136.133,0,42.999,116.602,50.407,69.765,93.316,55.929,97.535,59.665,104.352,72.781,44.997,49.83,96.69,38.559,18.796,157.066,132.414,35.506,39.658,148.477,66.954,203.941,58.493,106.993,94.61,92.264,97.789,183.954,175.113,166.788,44.019,73.943,34.255,135.698,73.676,73.493,20.556,118.462,158.269,169.386,55.712,74.142,146.747,111.087,197.482,99.067,111.935,69.357,96.636,124.96,151.685,130.102,173.131,207.62,102.686,45.026,34.277,68.412,152.91,116.535,111.173,159.702,106.847,75.29,196.702,55.195,117.747,112.002,165.842,49.113, 
El Platanal (La Planta),52.133,4.337,98.602,25.927,68.346,96.52,114.109,107.353,81.556,5.272,39.424,85.026,42.999,0,78.506,51.034,31.033,49.979,27.235,50.64,20.933,65.62,87.447,23.067,29.276,53.353,27.879,48.584,99.64,89.077,33.473,49.921,105.14,23.618,146.515,19.761,68.261,55.878,38.558,76.283,126.528,117.687,102.352,62.285,30.606,32.135,92.361,60.435,47.237,22.463,81.072,114.932,129.979,16.98,30.806,103.41,72.355,140.056,55.73,68.537,26.021,57.904,85.553,112.278,65.625,115.705,150.194,72.785,42.829,10.458,76.184,88.038,79.834,67.836,102.276,68.115,65.853,139.276,11.859,74.41,67.463,99.089,10.381, 
Laguna Larga de Corts,39.964,76.125,67.256,88.487,112.75,103.889,95.247,115.808,83.724,73.979,113.663,89.743,116.602,78.506,0,122.23,71.905,112.685,62.187,76.827,58.843,70.555,40.795,94.263,100.472,127.145,89.523,125.659,89.609,110.608,86.47,121.117,149.756,89.043,118.316,60.634,73.196,77.149,41.78,20.54,113.737,104.896,105.694,153.347,93.312,83.879,119.32,125.86,112.662,94.483,40.692,159.547,78.747,71.192,96.231,148.025,47.37,112.296,86.916,10.483,88.727,62.84,34.321,61.045,96.305,112.037,122.434,154.003,73.667,81.655,141.609,91.816,39.833,113.659,84.813,75.558,131.278,90.209,72.136,105.936,12.57,104.748,66.099, 
Pamatcuaro,82.478,51.547,145.33,54.517,82.38,141.492,165.415,152.325,132.862,52.038,23.058,99.06,50.407,51.034,122.23,0,77.808,69.57,62.005,85.514,67.708,112.395,91.551,30.65,23.29,65.9,56.477,31.936,147.331,98.908,62.071,13.537,93.677,46.222,194.206,66.536,115.598,102.653,85.333,103.438,174.219,165.378,144.11,26.222,65.48,60.733,102.192,23.729,23.914,51.061,127.847,103.852,176.754,55.168,38.956,113.241,119.13,187.747,102.981,115.312,57.636,104.679,132.328,159.053,93.84,164.01,197.885,53.107,71.427,41.127,33.187,129.796,126.609,77.668,149.967,118.391,27.93,186.967,44.46,84.241,114.238,140.847,48.569, 
La Sauceda,48.574,28.652,71.867,52.693,77.942,69.785,87.374,80.618,54.821,26.506,66.19,54.935,69.765,31.033,71.905,77.808,0,42.623,65.758,30.802,18.855,37.618,79.786,45.729,51.938,45.997,50.542,71.246,71.638,77.671,56.135,72.583,97.784,39.543,118.513,10.688,40.259,27.877,30.897,68.622,98.526,89.685,74.35,84.947,22.018,54.798,86.383,76.361,63.162,45.126,53.07,107.576,108.749,11.447,46.731,96.054,44.353,112.054,40.891,60.876,30.547,29.902,77.892,90.773,63.368,87.703,122.192,70.12,77.238,33.121,92.109,60.036,51.832,60.48,74.274,40.113,81.778,111.274,23.602,72.999,59.802,71.087,17.565, 
Villamar,89.354,50.8,69.483,76.244,24.396,65.645,89.568,76.478,57.015,52.433,89.741,23.212,93.316,49.979,112.685,69.57,42.623,0,73.289,35.891,54.94,43.947,117.182,69.121,51.35,4.625,73.933,94.638,71.491,25.41,79.527,76.414,56.412,34.877,118.366,49.496,39.758,51.944,68.293,106.018,98.379,89.538,68.27,89.099,26.12,78.189,43.633,59.697,46.498,68.517,75.434,66.204,108.602,44.593,38.271,54.682,66.717,111.907,27.14,98.272,24.01,50.673,102.861,90.626,18,88.17,122.045,40.576,88.883,56.512,75.445,53.956,74.196,19.108,74.127,42.551,65.114,111.127,36.45,25.682,97.198,65.007,43.315, 
Tlazazalca,21.047,27.748,104.24,27.814,95.887,107.359,119.747,119.277,87.194,28.24,50.387,94.322,55.929,27.235,62.187,62.005,65.758,73.289,0,94.389,53.555,87.474,30.131,34.05,40.259,80.898,27.492,63.628,101.295,119.759,24.439,60.904,132.685,51.162,148.17,55.347,83.285,91.464,36.493,42.019,128.183,119.342,111.017,91.316,58.151,21.848,128.471,87.979,74.781,32.452,62.691,142.477,113.615,39.92,58.35,130.955,60.097,141.711,104.478,56.164,53.565,93.49,69.189,95.914,105.456,117.36,151.849,100.33,11.636,21.81,106.289,97.139,60.764,95.381,103.931,80.881,93.397,140.931,39.403,115.087,56.231,110.071,33.321, 
La Luz,76.345,51.461,59.972,80.463,38.586,57.89,75.479,68.723,42.926,54.276,93.96,21.899,97.535,50.64,76.827,85.514,30.802,35.891,94.389,0,37.58,23.854,95.435,64.454,56.021,44.131,69.267,89.971,57.874,36.447,74.86,91.308,75.595,39.548,104.749,29.413,26.495,17.359,50.784,86,84.762,75.921,60.586,103.672,20.152,73.523,45.158,72.571,59.373,63.851,39.306,85.386,94.985,30.172,42.942,73.864,30.589,98.29,11.759,78.634,28.681,16.138,66.733,77.009,22.144,73.939,108.428,79.842,92.887,51.846,88.32,46.272,38.068,39.498,60.51,26.349,77.989,97.51,41.121,31.775,77.56,57.323,36.29, 
Atecucario de la Constitucin (Atecuario),35.511,18.552,90.678,42.593,77.539,88.445,106.185,99.278,73.632,16.407,56.09,73.595,59.665,20.933,58.843,67.708,18.855,54.94,53.555,37.58,0,54.408,67.689,39.744,45.953,62.738,44.557,65.261,87.908,94.461,50.15,66.598,114.525,35.722,134.783,8.549,57.049,44.666,18.8,56.525,114.796,105.955,97.63,78.962,39.991,48.813,103.173,72.539,59.341,39.141,47.126,124.317,110.221,17.871,42.91,112.795,44.532,128.324,57.68,48.779,35.406,46.692,65.795,92.52,80.158,103.973,138.462,82.17,65.141,27.136,88.288,76.826,45.888,77.221,90.544,56.903,77.957,127.544,18.815,89.789,47.705,96.684,12.778, 
Paso de Hidalgo (Paso de lamos),69.43,63.239,34.853,87.28,43.741,35.584,54.938,46.417,22.385,61.093,100.777,20.734,104.352,65.62,70.555,112.395,37.618,43.947,87.474,23.854,54.408,0,89.165,81.284,87.493,58.138,86.097,106.801,36.86,41.601,99.42,108.138,80.749,63.091,83.735,46.243,4.189,24.177,44.514,79.73,63.748,54.907,38.28,120.502,43.695,96.829,50.313,110.496,97.297,80.681,33.036,90.54,73.971,47.002,66.485,79.018,24.319,77.276,34.925,72.364,52.224,8.274,60.463,55.995,27.298,53.539,87.414,84.996,86.617,68.676,126.244,23.966,31.798,44.652,39.496,3.114,115.913,76.496,59.157,36.929,71.29,35.017,53.12, 
Penjamillo de Degollado,21.675,85.066,118.267,44.666,131.357,121.386,133.774,133.305,101.221,82.92,79.933,108.35,72.781,87.447,40.795,91.551,79.786,117.182,30.131,95.435,67.689,89.165,0,63.596,69.805,117.586,44.353,80.489,108.109,126.573,41.3,94.396,165.721,90.57,154.984,62.161,90.099,98.278,43.307,20.63,134.997,126.156,117.831,108.177,94.839,38.709,135.285,127.387,114.189,49.313,64.914,175.512,98.514,72.719,97.758,163.99,66.911,148.525,111.292,34.775,90.254,100.304,54.088,80.812,112.27,124.174,158.663,137.018,28.497,51.356,123.15,103.953,64.055,129.624,110.745,87.695,132.805,113.34,73.663,121.901,34.842,116.885,67.626, 
Ocumicho,54.511,23.58,117.401,26.55,91.719,115.319,132.908,126.152,100.355,24.071,17.175,100.469,44.997,23.067,94.263,30.65,45.729,69.121,34.05,64.454,39.744,81.284,63.596,0,8.892,76.767,28.511,26.342,118.449,112.491,34.105,27.679,128.554,25.417,165.324,38.57,87.07,74.687,57.367,75.472,145.337,136.496,121.161,40.043,54.02,32.767,115.775,51.349,38.15,23.095,99.881,138.346,148.788,35.789,32.605,126.824,91.164,158.865,79.144,87.346,37.176,76.713,104.362,131.087,110.179,134.514,169.003,66.471,43.461,13.161,64.436,106.847,98.643,91.25,121.085,86.924,56.766,158.085,35.272,97.824,86.272,117.898,29.19, 
Patamban (Patambam),60.72,29.789,123.61,32.759,73.948,121.528,139.117,132.361,106.564,30.28,25.218,90.628,49.83,29.276,100.472,23.29,51.938,51.35,40.259,56.021,45.953,87.493,69.805,8.892,0,58.901,34.719,34.386,124.657,94.625,40.313,25.09,110.688,16.551,171.532,44.778,93.278,80.895,63.575,81.68,151.545,142.704,127.369,37.775,36.154,38.975,97.909,42.483,29.284,29.303,106.089,120.48,154.996,32.806,23.739,108.958,97.372,165.073,61.278,93.554,28.31,82.921,110.57,137.295,71.173,140.722,175.211,57.605,49.669,19.369,55.644,113.055,104.851,73.384,127.293,93.132,47.9,164.293,22.098,79.958,92.48,124.106,26.207, 
Emiliano Zapata,92.728,54.174,83.675,79.618,20.725,79.837,103.76,90.67,71.207,55.807,93.115,37.405,96.69,53.353,127.145,65.9,45.997,4.625,80.898,44.131,62.738,58.138,117.586,76.767,58.901,0,77.129,97.834,85.446,37.023,82.723,79.61,53.086,38.073,132.321,52.692,53.713,55.14,71.489,109.214,112.334,103.493,82.225,92.295,29.316,81.385,40.307,56.265,43.066,71.713,89.389,62.878,122.557,47.789,28.931,51.356,80.672,125.862,41.096,101.468,27.207,64.628,116.816,104.581,31.955,102.125,136,37.144,92.079,59.708,72.013,67.911,88.151,15.783,88.082,56.506,61.682,125.082,39.646,22.356,100.394,78.962,46.511, 
Huncito,48.383,28.392,131.576,1.961,96.531,120.132,147.083,146.613,114.53,28.884,44.859,105.282,38.559,27.879,89.523,56.477,50.542,73.933,27.492,69.267,44.557,86.097,44.353,28.511,34.719,77.129,0,46.312,128.682,117.303,2.836,60.219,133.366,51.843,175.557,43.382,91.882,79.499,62.179,69.405,155.57,146.729,125.973,74,58.832,5.948,120.587,77.176,63.977,6.652,104.693,143.158,141.002,40.601,59.031,131.636,95.976,169.098,83.956,83.551,54.246,81.525,96.576,123.301,114.991,144.747,179.236,101.011,16.642,19.166,88.973,111.659,103.455,96.062,131.318,91.736,82.593,168.318,40.084,102.636,83.618,122.71,34.002, 
Nurio,84.519,49.097,142.918,46.581,117.236,140.836,158.425,151.669,125.872,49.588,9.168,125.986,18.796,48.584,125.659,31.936,71.246,94.638,63.628,89.971,65.261,106.801,80.489,26.342,34.386,97.834,46.312,0,144.01,138.052,45.77,19.245,124.647,50.956,190.885,64.131,112.631,100.248,82.928,108.053,170.898,162.057,146.722,26.122,79.581,44.519,141.336,55.067,54.884,29.138,125.442,163.907,174.349,61.35,58.144,152.385,116.725,184.426,104.705,112.907,62.715,102.274,129.923,156.648,135.74,160.075,194.564,84.077,55.29,38.722,50.515,132.408,124.204,116.811,146.646,112.485,57.393,183.646,60.833,123.385,111.833,143.459,54.751, 
Fraccionamiento Vistas del Maguey,83.251,97.259,25.473,128.951,71.285,37.023,21.193,69.134,16.336,95.113,134.797,48.278,157.066,99.64,89.609,147.331,71.638,71.491,101.295,57.874,87.908,36.86,108.109,118.449,124.657,85.446,128.682,144.01,0,69.228,126.035,141.767,108.376,96.72,50.052,79.872,32.754,57.806,71.128,106.345,30.065,21.224,60.922,154.131,77.324,123.444,77.94,138.123,124.924,114.31,45.62,118.167,47.876,80.631,110.789,106.645,52.043,43.593,62.552,78.907,85.853,43.497,56.985,29.899,54.925,31.451,53.731,112.623,113.232,102.305,153.871,46.608,47.32,72.279,5.813,30.35,143.54,42.813,92.786,64.556,75.411,57.659,86.749, 
La Palma (La Palma de Jess),101.715,89.898,67.138,115.342,22.862,37.142,87.223,48.475,54.67,91.531,128.839,20.868,132.414,89.077,110.608,98.908,77.671,25.41,119.759,36.447,94.461,41.601,126.573,112.491,94.625,37.023,117.303,138.052,69.228,0,118.689,111.653,59.9,74.039,116.05,86.325,37.442,64.259,84.596,119.812,96.063,87.222,40.589,124.338,49.559,117.351,20.799,89.647,76.448,107.679,73.118,69.691,106.286,60.739,62.313,58.169,64.401,109.591,24.825,112.446,63.173,48.357,100.545,88.31,15.685,63.14,119.729,64.147,126.699,95.674,105.395,26.549,71.88,23.803,71.811,40.235,95.064,108.811,75.613,16.08,111.372,37.326,82.478, 
Ichn,45.33,33.986,128.523,7.555,102.125,131.642,144.03,143.56,111.477,34.477,54.75,118.605,35.506,33.473,86.47,62.071,56.135,79.527,24.439,74.86,50.15,99.42,41.3,34.105,40.313,82.723,2.836,45.77,126.035,118.689,0,58.376,135.251,53.728,173.791,45.267,93.767,81.384,64.064,67.639,153.804,144.963,127.858,72.157,60.717,3.108,122.472,79.062,65.863,8.537,106.578,145.043,139.236,42.486,60.916,133.521,97.861,167.332,85.841,81.785,56.131,83.41,94.81,121.535,116.876,142.981,177.47,102.896,14.876,21.052,87.13,113.544,105.34,97.947,129.552,93.621,84.479,166.552,41.969,104.521,81.852,124.595,35.887, 
Charapan,81.365,50.434,144.255,60.488,95.089,142.173,159.762,153.006,127.209,50.925,10.505,111.769,39.658,49.921,121.117,13.537,72.583,76.414,60.904,91.308,66.598,108.138,94.396,27.679,25.09,79.61,60.219,19.245,141.767,111.653,58.376,0,106.378,41.608,192.171,65.417,113.917,101.534,84.214,102.319,172.184,163.343,148.008,12.235,61.211,58.418,114.893,36.798,36.615,49.942,126.728,116.553,175.635,62.636,51.657,125.942,118.011,185.712,86.335,114.193,53.367,103.56,131.209,157.934,106.541,161.361,195.85,65.808,69.189,40.008,36.628,133.694,125.49,90.369,147.932,113.771,31.066,184.932,46.253,96.942,113.119,144.745,56.037, 
Valle de Jurez,140.863,105.961,106.286,131.405,43.336,102.448,126.371,113.281,93.818,107.594,115.907,60.016,148.477,105.14,149.756,93.677,97.784,56.412,132.685,75.595,114.525,80.749,165.721,128.554,110.688,53.086,133.366,124.647,108.376,59.9,135.251,106.378,0,89.955,155.192,104.575,76.584,103.401,123.738,158.954,135.205,126.364,105.096,117.326,81.199,133.267,63.178,76.207,68.93,123.595,112.26,9.879,145.428,99.672,78.229,17.47,103.543,148.733,63.967,151.588,79.089,87.499,139.687,127.452,54.826,124.996,158.871,40.652,143.961,111.59,91.956,90.782,111.022,39.719,110.953,79.377,81.625,147.953,91.529,45.227,150.514,101.833,98.394, 
La Cantera,65.712,24.439,99.208,49.882,57.475,116.587,114.715,127.42,82.162,26.071,41.743,74.155,66.954,23.618,89.043,46.222,39.543,34.877,51.162,39.548,35.722,63.091,90.57,25.417,16.551,38.073,51.843,50.956,96.72,74.039,53.728,41.608,89.955,0,144.061,29.673,65.807,45.505,48.47,86.195,124.074,115.233,99.898,54.3,19.681,55.931,81.436,36.895,23.697,46.259,78.618,104.007,139.891,28.714,7.266,92.485,69.901,137.602,44.805,78.449,11.837,55.45,95.465,122.19,54.7,113.251,147.74,48.51,66.625,34.254,52.644,85.584,77.38,56.911,99.822,65.661,42.313,136.822,19.383,63.485,77.375,96.635,23.492, 
Santa Mara del Valle,130.126,144.134,72.348,175.826,118.16,83.898,44.651,116.009,63.211,141.988,181.672,95.153,203.941,146.515,118.316,194.206,118.513,118.366,148.17,104.749,134.783,83.735,154.984,165.324,171.532,132.321,175.557,190.885,50.052,116.05,173.791,192.171,155.192,144.061,0,133.641,86.523,111.575,124.897,120.848,43.881,50.308,114.691,207.9,131.093,177.213,131.709,191.892,178.693,168.079,99.39,171.936,49.709,134.4,164.558,160.414,105.812,36.764,116.321,107.185,139.622,97.266,95.855,67.569,108.694,82.577,36.122,166.392,167.001,156.074,207.64,100.377,101.09,126.048,50.763,84.119,197.309,29.698,146.555,118.325,109.272,111.428,140.518, 
La Rinconada,37.303,17.38,82.36,41.421,72.095,80.278,97.867,91.111,65.314,15.234,54.918,65.428,58.493,19.761,60.634,66.536,10.688,49.496,55.347,29.413,8.549,46.243,62.161,38.57,44.778,52.692,43.382,64.131,79.872,86.325,45.267,65.417,104.575,29.673,133.641,0,48.8,36.417,20.451,58.176,107.067,98.226,82.891,74.501,34.332,44.352,94.924,66.88,53.682,34.68,61.611,135.151,111.872,12.212,37.251,123.629,52.894,120.595,49.431,50.43,29.747,38.443,67.446,94.171,71.909,96.244,130.733,76.511,66.792,22.675,82.629,68.577,60.373,89.263,82.815,48.654,72.298,119.815,13.156,81.54,49.356,79.628,7.119, 
Briseas de Matamoros,65.241,65.88,30.664,89.921,39.552,31.395,50.749,42.228,18.196,63.734,103.418,16.545,106.993,68.261,73.196,115.598,40.259,39.758,83.285,26.495,57.049,4.189,90.099,87.07,93.278,53.713,91.882,112.631,32.754,37.442,93.767,113.917,76.584,65.807,86.523,48.8,0,26.817,47.154,82.37,59.559,50.718,34.091,123.142,46.335,99.469,46.124,106.307,93.108,83.321,35.676,86.351,69.782,49.642,78.973,74.829,26.959,73.087,30.736,75.004,54.864,10.915,63.103,51.806,23.109,49.35,83.225,80.807,89.257,71.316,122.055,19.777,34.438,40.463,35.307,3.731,111.724,72.307,61.797,32.74,73.93,30.828,55.76, 
Ixtln de los Hervores,73.42,53.497,60.294,77.538,66.369,58.212,75.801,69.045,43.248,51.351,91.035,43.362,94.61,55.878,77.149,102.653,27.877,51.944,91.464,17.359,44.666,24.177,98.278,74.687,80.895,55.14,79.499,100.248,57.806,64.259,81.384,101.534,103.401,45.505,111.575,36.417,26.817,0,44.042,81.767,90.795,81.954,66.619,98.092,29.099,67.943,78.652,81.518,68.32,58.271,45.339,118.879,101.018,24.591,51.889,107.357,36.622,104.323,26.055,74.021,37.628,22.171,72.766,83.042,55.637,79.972,114.461,77.201,90.383,46.266,97.267,52.305,44.101,72.991,66.543,32.382,86.936,103.543,36.747,65.268,72.947,63.356,30.71, 
Ecuandureo,18.449,36.177,73.616,60.218,86.706,76.735,89.123,88.654,56.57,34.031,73.715,63.699,92.264,38.558,41.78,85.333,30.897,68.293,36.493,50.784,18.8,44.514,43.307,57.367,63.575,71.489,62.179,82.928,71.128,84.596,64.064,84.214,123.738,48.47,124.897,20.451,47.154,44.042,0,38.79,97.061,88.22,79.895,93.705,53.536,57.618,97.349,86.084,72.886,53.884,29.392,137.576,92.486,31.416,56.455,126.054,26.798,110.589,69.989,31.044,48.951,59.001,48.06,74.785,74.334,86.238,120.727,95.715,47.406,41.879,101.833,66.017,28.154,91.688,72.809,49.759,91.502,109.809,32.36,83.965,29.97,78.949,26.323, 
Numarn,21.152,73.902,68.137,69.674,121.922,111.952,96.127,123.87,91.787,71.756,91.82,98.915,97.789,76.283,20.54,103.438,68.622,106.018,42.019,86,56.525,79.73,20.63,75.472,81.68,109.214,69.405,108.053,106.345,119.812,67.639,102.319,158.954,86.195,120.848,58.176,82.37,81.767,38.79,0,113.597,104.756,114.892,133.054,91.346,63.586,132.346,123.894,110.696,74.19,45.008,172.573,78.608,69.226,94.265,161.051,51.686,112.157,107.799,14.869,86.761,67.155,34.182,60.906,109.331,121.235,122.295,133.525,53.374,63.118,139.643,101.014,44.149,126.685,84.673,84.756,129.312,93.434,70.17,118.962,14.936,113.946,64.133, 
San Jos de Gracia,110.139,124.147,52.361,155.839,98.173,63.911,45.321,75.169,43.224,122.001,161.685,75.166,183.954,126.528,113.737,174.219,98.526,98.379,128.183,84.762,114.796,63.748,134.997,145.337,151.545,112.334,155.57,170.898,30.065,96.063,153.804,172.184,135.205,124.074,43.881,107.067,59.559,90.795,97.061,113.597,0,9.394,63.806,180.912,104.105,150.225,104.721,164.904,151.705,141.091,72.402,144.948,50.674,107.412,137.57,133.426,78.824,11.501,89.333,103.156,112.634,70.278,81.235,54.149,81.706,36.366,22.647,139.404,140.013,129.086,180.652,73.389,74.102,99.06,23.761,57.131,170.321,30.662,119.567,91.337,99.66,62.86,113.53, 
San Francisco de Ass,101.298,115.306,43.52,146.998,89.332,55.07,36.48,87.181,34.383,113.16,152.844,66.325,175.113,117.687,104.896,165.378,89.685,89.538,119.342,75.921,105.955,54.907,126.156,136.496,142.704,103.493,146.729,162.057,21.224,87.222,144.963,163.343,126.364,115.233,50.308,98.226,50.718,81.954,88.22,104.756,9.394,0,78.854,172.063,95.256,141.376,95.872,156.055,142.856,132.242,63.553,136.099,53.344,98.563,128.721,124.577,69.975,20.891,80.484,94.307,103.785,61.429,72.386,45.3,72.857,46.74,32.037,130.555,131.164,120.237,171.803,64.54,65.253,90.211,14.912,48.282,161.472,33.332,110.718,82.488,90.811,75.591,104.681, 
Cuitzeo (La Estancia),92.973,99.971,58.832,124.012,68.064,27.732,78.917,11.192,46.364,97.825,137.509,45.056,166.788,102.352,105.694,144.11,74.35,68.27,111.017,60.586,97.63,38.28,117.831,121.161,127.369,82.225,125.973,146.722,60.922,40.589,127.858,148.008,105.096,99.898,114.691,82.891,34.091,66.619,79.895,114.892,63.806,78.854,0,157.035,80.228,132.634,74.51,134.693,121.494,117.214,66.26,114.737,97.911,83.535,107.359,103.215,61.234,78.342,59.121,108.169,108.219,44.808,97.378,79.935,51.495,28.13,131.456,109.193,122.422,105.209,150.441,14.799,68.712,68.849,52.274,32.279,140.11,100.436,95.69,61.126,107.095,4.12,89.653, 
Angahuan,112.207,62.798,156.619,74.269,107.774,154.537,172.126,165.37,139.573,63.289,22.869,124.454,44.019,62.285,153.347,26.222,84.947,89.099,91.316,103.672,78.962,120.502,108.177,40.043,37.775,92.295,74,26.122,154.131,124.338,72.157,12.235,117.326,54.3,207.9,74.501,123.142,98.092,93.705,133.054,180.912,172.063,157.035,0,73.898,69.694,127.58,42.611,49.302,62.304,139.09,129.24,187.997,74.998,64.344,138.629,130.373,198.074,99.022,126.555,66.054,115.922,143.571,170.296,119.228,173.723,208.212,78.495,80.465,52.37,29.461,146.056,137.852,103.056,160.294,126.133,36.339,197.294,58.94,109.629,125.481,157.107,68.399, 
Chavinda,69.981,31.427,79.812,56.871,48.719,77.73,95.319,88.563,62.766,33.06,70.368,38.925,73.943,30.606,93.312,65.48,22.018,26.12,58.151,20.152,39.991,43.695,94.839,54.02,36.154,29.316,58.832,79.581,77.324,49.559,60.717,61.211,81.199,19.681,131.093,34.332,46.335,29.099,53.536,91.346,104.105,95.256,80.228,73.898,0,62.915,63.195,52.627,39.429,53.243,59.035,85.766,114.714,18.57,22.998,74.244,50.318,118.019,25.222,76.288,8.737,35.867,93.304,96.738,35.117,93.668,128.157,48.31,73.609,41.238,68.376,66.001,57.797,38.67,80.239,46.078,58.045,117.239,21.177,45.244,75.214,77.052,28.042, 
Carapan,42.739,32.648,125.932,6.217,100.787,129.051,141.439,140.969,108.886,33.14,53.499,116.014,34.255,32.135,83.879,60.733,54.798,78.189,21.848,73.523,48.813,96.829,38.709,32.767,38.975,81.385,5.948,44.519,123.444,117.351,3.108,58.418,133.267,55.931,177.213,44.352,99.469,67.943,57.618,63.586,150.225,141.376,132.634,69.694,62.915,0,124.988,81.578,68.379,11.054,86.269,147.559,137.193,45.002,63.432,136.037,100.377,165.289,88.357,79.742,58.647,85.926,92.767,119.492,119.392,140.938,175.427,105.412,12.833,23.568,84.891,120.717,84.342,100.463,127.509,104.459,91.769,164.509,44.485,107.037,79.809,133.649,38.403, 
Cojumatln de Rgules,110.427,93.182,75.85,118.626,26.146,72.012,95.935,82.845,63.382,94.815,132.123,29.579,135.698,92.361,119.32,102.192,86.383,43.633,128.471,45.158,103.173,50.313,135.285,115.775,97.909,40.307,120.587,141.336,77.94,20.799,122.472,114.893,63.178,81.436,131.709,94.924,46.124,78.652,97.349,132.346,104.721,95.872,74.51,127.58,63.195,124.988,0,92.783,79.584,110.815,81.819,72.827,114.987,69.439,65.449,61.305,73.102,118.292,33.525,121.147,66.309,57.058,109.246,97.011,24.385,94.555,128.43,67.283,135.4,98.81,108.531,60.34,80.581,26.939,80.512,48.936,98.2,117.512,78.749,19.216,120.073,71.391,85.614, 
Santa Clara de Valladares,102.529,61.256,136.033,75.216,73.083,132.195,156.118,143.028,123.565,62.888,46.327,89.763,73.676,60.435,125.86,23.729,76.361,59.697,87.979,72.571,72.539,110.496,127.387,51.349,42.483,56.265,77.176,55.067,138.123,89.647,79.062,36.798,76.207,36.895,191.892,66.88,106.307,81.518,86.084,123.894,164.904,156.055,134.693,42.611,52.627,81.578,92.783,0,14.358,71.762,115.092,86.4,176.71,65.533,29.631,103.916,106.375,178.422,93.656,115.268,48.311,91.924,132.284,159.009,84.515,154.685,188.56,35.655,92.128,71.073,16.458,120.471,113.854,68.343,140.642,109.066,6.127,177.642,56.202,74.916,114.194,131.522,60.311, 
Tingindn,89.331,48.058,122.834,62.017,59.884,118.996,142.919,129.829,110.366,49.69,46.144,76.564,73.493,47.237,112.662,23.914,63.162,46.498,74.781,59.373,59.341,97.297,114.189,38.15,29.284,43.066,63.977,54.884,124.924,76.448,65.863,36.615,68.93,23.697,178.693,53.682,93.108,68.32,72.886,110.696,151.705,142.856,121.494,49.302,39.429,68.379,79.584,14.358,0,58.764,102.093,79.138,163.711,52.534,16.632,90.917,93.376,165.423,80.657,102.269,35.312,78.925,119.285,146.01,71.516,141.686,175.561,28.393,79.13,58.074,29.911,107.472,100.855,55.344,127.643,96.067,19.58,164.643,43.203,61.917,101.195,118.523,47.312, 
Chilchota,53.343,22.976,116.798,4.691,91.115,114.716,132.305,125.549,99.752,23.468,39.443,99.866,20.556,22.463,94.483,51.061,45.126,68.517,32.452,63.851,39.141,80.681,49.313,23.095,29.303,71.713,6.652,29.138,114.31,107.679,8.537,49.942,123.595,46.259,168.079,34.68,83.321,58.271,53.884,74.19,141.091,132.242,117.214,62.304,53.243,11.054,110.815,71.762,58.764,0,99.277,137.742,148.184,35.185,53.615,126.22,90.56,158.261,78.54,86.742,48.83,76.109,103.758,130.483,109.575,133.91,168.399,95.595,21.602,13.75,93.933,106.243,98.039,90.646,120.481,86.32,77.177,157.481,34.668,97.22,85.668,117.294,28.586, 
La Ribera,40.755,78.691,18.937,102.732,75.228,56.092,63.616,74.594,33.842,76.545,116.229,52.221,118.462,81.072,40.692,127.847,53.07,75.434,62.691,39.306,47.126,33.036,64.914,99.881,106.089,89.389,104.693,125.442,45.62,73.118,106.578,126.728,112.26,78.618,99.39,61.611,35.676,45.339,29.392,45.008,72.402,63.553,66.26,139.09,59.035,86.269,81.819,115.092,102.093,99.277,0,122.031,50.761,62.458,81.941,110.509,9.854,86.025,49.4,40.317,67.68,25.324,30.633,33.059,58.789,74.522,96.163,116.487,73.729,84.132,127.319,52.07,1.903,76.143,48.245,35.069,116.988,65.587,74.613,68.42,30.959,67.233,68.576, 
Mazamitla,150.654,115.753,116.077,141.197,53.127,112.239,136.162,123.072,103.609,117.386,154.694,69.807,158.269,114.932,159.547,103.852,107.576,66.204,142.477,85.386,124.317,90.54,175.512,138.346,120.48,62.878,143.158,163.907,118.167,69.691,145.043,116.553,9.879,104.007,171.936,135.151,86.351,118.879,137.576,172.573,144.948,136.099,114.737,129.24,85.766,147.559,72.827,86.4,79.138,137.742,122.031,0,155.119,109.363,87.92,11.705,113.234,158.424,73.658,161.279,88.78,97.19,149.378,137.143,64.517,134.687,168.562,50.876,153.652,121.281,102.18,100.473,120.713,49.41,120.644,89.068,91.849,157.644,101.22,54.918,160.205,111.524,108.085, 
Jess Mara,92.748,127.598,32.324,141.271,108.396,74.134,35.435,106.245,51.884,125.452,165.136,85.389,169.386,129.979,78.747,176.754,108.749,108.602,113.615,94.985,110.221,73.971,98.514,148.788,154.996,122.557,141.002,174.349,47.876,106.286,139.236,175.635,145.428,139.891,49.709,111.872,69.782,101.018,92.486,78.608,50.674,53.344,97.911,187.997,114.714,137.193,114.987,176.71,163.711,148.184,50.761,155.119,0,125.367,147.146,151.381,60.407,46.096,107.288,68.177,130.589,88.233,46.256,17.97,99.661,73.536,56.235,157.359,135.283,132.57,198.607,91.344,52.549,117.015,43.138,59.849,188.276,20.991,123.051,109.292,64.682,102.395,117.014, 
Ario de Rayn (Ario Santa Mnica),47.861,14.599,83.119,38.64,67.192,81.037,98.626,91.87,66.073,11.982,52.137,66.187,55.712,16.98,71.192,55.168,11.447,44.593,39.92,30.172,17.871,47.002,72.719,35.789,32.806,47.789,40.601,61.35,80.631,60.739,42.486,62.636,99.672,28.714,134.4,12.212,49.642,24.591,31.416,69.226,107.412,98.563,83.535,74.998,18.57,45.002,69.439,65.533,52.534,35.185,62.458,109.363,125.367,0,35.595,92.812,54.138,121.839,36.607,59.165,19.77,39.687,76.181,102.906,46.502,97.488,131.977,66.534,55.393,23.022,80.973,69.821,61.617,57.238,84.059,49.898,70.642,121.059,13.182,63.812,58.091,80.872,6.955, 
Tarecuato,72.9,31.627,108.699,57.07,45.749,104.861,128.784,115.694,96.231,33.259,48.931,62.429,74.142,30.806,96.231,38.956,46.731,38.271,58.35,42.942,42.91,66.485,97.758,32.605,23.739,28.931,59.031,58.144,110.789,62.313,60.916,51.657,78.229,7.266,164.558,37.251,78.973,51.889,56.455,94.265,137.57,128.721,107.359,64.344,22.998,63.432,65.449,29.631,16.632,53.615,81.941,87.92,147.146,35.595,0,77.634,76.744,152.14,51.648,85.637,18.68,62.293,102.653,129.378,58.233,128.403,162.278,41.244,73.813,41.442,45.378,94.189,84.223,42.061,114.36,82.784,35.047,151.36,26.571,48.634,84.563,105.24,30.68, 
San Jos de Gracia,139.132,104.231,104.555,129.675,41.605,100.717,124.64,111.55,92.087,105.864,143.172,58.285,146.747,103.41,148.025,113.241,96.054,54.682,130.955,73.864,112.795,79.018,163.99,126.824,108.958,51.356,131.636,152.385,106.645,58.169,133.521,125.942,17.47,92.485,160.414,123.629,74.829,107.357,126.054,161.051,133.426,124.577,103.215,138.629,74.244,136.037,61.305,103.916,90.917,126.22,110.509,11.705,151.381,92.812,77.634,0,101.804,146.994,62.228,149.849,77.35,85.76,137.948,125.713,53.087,123.257,157.132,60.442,142.222,109.851,119.572,89.043,109.283,37.98,109.214,77.638,109.241,146.214,89.79,43.488,148.775,100.094,96.655, 
Tanhuato de Guerrero,42.053,69.974,28.495,94.015,66.511,57.65,70.038,69.569,37.485,67.828,107.512,43.504,111.087,72.355,47.37,119.13,44.353,66.717,60.097,30.589,44.532,24.319,66.911,91.164,97.372,80.672,95.976,116.725,52.043,64.401,97.861,118.011,103.543,69.901,105.812,52.894,26.959,36.622,26.798,51.686,78.824,69.975,61.234,130.373,50.318,100.377,73.102,106.375,93.376,90.56,9.854,113.234,60.407,54.138,76.744,101.804,0,90.571,41.098,48.051,59.378,17.022,38.367,43.727,50.487,66.22,100.709,108.185,70.042,75.83,119.017,45.999,9.702,67.841,52.791,29.741,108.686,89.791,66.311,60.118,38.693,58.931,60.274, 
San Ignacio Cerro Gordo,123.667,137.675,65.889,169.367,111.701,77.439,34.896,86.677,56.752,135.529,175.213,88.694,197.482,140.056,112.296,187.747,112.054,111.907,141.711,98.29,128.324,77.276,148.525,158.865,165.073,125.862,169.098,184.426,43.593,109.591,167.332,185.712,148.733,137.602,36.764,120.595,73.087,104.323,110.589,112.157,11.501,20.891,78.342,198.074,118.019,165.289,118.292,178.422,165.423,158.261,86.025,158.424,46.096,121.839,152.14,146.994,90.571,0,99.585,100.21,122.886,80.53,91.487,64.401,91.958,47.873,11.925,149.656,150.265,139.338,190.904,83.641,84.354,109.312,34.027,67.383,180.573,22.722,129.819,101.589,102.297,74.367,123.782, 
Pajacuarn,86.434,56.551,60.462,81.995,26.935,56.623,80.547,67.456,47.994,58.184,95.492,14.191,99.067,55.73,86.916,102.981,40.891,27.14,104.478,11.759,57.68,34.925,111.292,79.144,61.278,41.096,83.956,104.705,62.552,24.825,85.841,86.335,63.967,44.805,116.321,49.431,30.736,26.055,69.989,107.799,89.333,80.484,59.121,99.022,25.222,88.357,33.525,93.656,80.657,78.54,49.4,73.658,107.288,36.607,51.648,62.228,41.098,99.585,0,88.722,33.861,26.226,76.821,81.605,10.493,79.149,113.024,68.191,102.975,66.362,93.5,44.934,48.156,27.847,65.106,33.53,83.169,102.106,46.301,20.124,87.648,55.985,43.074, 
Santa Ana Pacueco,35.297,66.156,57.662,83.82,114.556,104.585,85.652,116.504,84.42,64.01,103.694,91.549,111.935,68.537,10.483,115.312,60.876,98.272,56.164,78.634,48.779,72.364,34.775,87.346,93.554,101.468,83.551,112.907,78.907,112.446,81.785,114.193,151.588,78.449,107.185,50.43,75.004,74.021,31.044,14.869,103.156,94.307,108.169,126.555,76.288,79.742,121.147,115.268,102.269,86.742,40.317,161.279,68.177,59.165,85.637,149.849,48.051,100.21,88.722,0,78.684,56.644,23.671,50.395,101.254,113.158,111.784,125.448,74.325,71.612,131.566,92.937,33.638,118.608,74.163,76.679,121.235,82.923,62.093,110.885,3.782,105.869,56.056, 
Santiago Tangamandapio,65.396,26.842,88.341,52.285,46.609,105.721,103.848,116.554,71.295,28.474,53.502,63.289,69.357,26.021,88.727,57.636,30.547,24.01,53.565,28.681,35.406,52.224,90.254,37.176,28.31,27.207,54.246,62.715,85.853,63.173,56.131,53.367,79.089,11.837,139.622,29.747,54.864,37.628,48.951,86.761,112.634,103.785,108.219,66.054,8.737,58.647,66.309,48.311,35.312,48.83,67.68,88.78,130.589,19.77,18.68,77.35,59.378,122.886,33.861,78.684,0,44.199,92.355,119.08,43.449,102,136.489,48.891,65.949,33.578,64.057,74.333,66.129,45.66,88.571,54.41,53.726,125.571,13.517,52.234,74.265,85.384,20.382, 
Vista Hermosa de Negrete,75.446,55.523,41.579,79.564,50.467,42.31,61.492,53.143,28.939,53.377,93.061,27.46,96.636,57.904,62.84,104.679,29.902,50.673,93.49,16.138,46.692,8.274,100.304,76.713,82.921,64.628,81.525,102.274,43.497,48.357,83.41,103.56,87.499,55.45,97.266,38.443,10.915,22.171,59.001,67.155,70.278,61.429,44.808,115.922,35.867,85.926,57.058,91.924,78.925,76.109,25.324,97.19,88.233,39.687,62.293,85.76,17.022,80.53,26.226,56.644,44.199,0,52.745,63.021,34.036,59.951,94.44,91.734,78.899,60.958,104.145,30.704,24.08,51.39,46.522,10.781,93.814,83.522,51.439,43.667,63.572,41.755,45.402, 
Degollado,48.322,83.172,35.74,96.845,102.655,74.889,63.731,105.713,52.639,81.026,120.71,79.648,124.96,85.553,34.321,132.328,77.892,102.861,69.189,66.733,65.795,60.463,54.088,104.362,110.57,116.816,96.576,129.923,56.985,100.545,94.81,131.209,139.687,95.465,95.855,67.446,63.103,72.766,48.06,34.182,81.235,72.386,97.378,143.571,93.304,92.767,109.246,132.284,119.285,103.758,30.633,149.378,46.256,76.181,102.653,137.948,38.367,91.487,76.821,23.671,92.355,52.745,0,27.052,86.17,81.218,88.441,143.868,90.711,87.998,147.952,81.682,29.699,103.524,50.82,65.424,137.621,59.58,78.479,95.801,20.11,94.614,72.442, 
