LOCALIDADES,Huitzililla,San Juan Tejupa,Tlayecac,San Lucas Colucan,Matzaco,Metepec,Xochitln,Tecomatln,Oacalco,Santa Teresa,Fraccionamiento Lomas de Cocoyoc,Tlapanal,Tilapa,San Antonio Alpanocan,Atenango del Ro,San Nicols Tolentino,Chinameca,Mayanaln,San Gabriel las Palmas,Huaquechula,Cacaloxchitl,Tzicatln,Tetecalita,Ayutla (San Felipe Ayutla),Taxco el Viejo,Atotonilco,Tetelilla,Unidad Habitacional Rinconada Acolapa,Ixtlilco el Grande,Tochimilco,Atlacahualoya,Huatecalco,Cuentepec,Villa Santiago,Zacualpan de Amilpas,San Andrs Tlalamac,Amilcingo,Tequesquitengo,Jaloxtoc,San Juan Raboso,Moyotepec,Unidad Habitacional Jos Mara Morelos y Pavn,Huazulco,Jumiltepec,Pea Flores (Palo Verde),Ticumn,San Juan Amecac,Acuitlapn,Tlancualpican,La Galarza,Escape de Lagunillas,Atlacholoaya,San Jos Vista Hermosa,Crucero Tezoyuca,Santa Catarina,Telixtac,Tezoyuca,Higuern,Mazatepec,Jantetelco,Calmeca (San Juan Calmeca),Huehuetln el Chico,Tepeojuma,Tilzapotla,Ocuituco,Xochihuehuetln,Tetecala,Tlacotepec,Tulcingo de Valle,Amayuca,Acamixtla,Amacuzac,Calera Chica,Los Arcos,Tehuitzingo,Pedro Amaro,Tlatenchi,Chietla,Temoac,Totolapan,Tlamacazapa,Tepecoacuilco de Trujano,Tehuixtla,Hueyapan (San Andrs Hueyapan),Ciudad Ayala,Copalillo,Oaxtepec,Jolalpan,Ecatzingo de Hidalgo,Chiconcuac,Buenavista de Cullar,Miacatln,Independencia,Atlatlahucan,Tlayacapan,Tenextepango,Jonacatepec,Alpuyeca,Fraccionamiento Lomas de Ahuatln,Coatetelco,Cocoyoc,Tetela del Volcn,Ciudad de Chiautla de Tapia,Tlaltizapn,Unidad Habitacional Jos Mara Morelos y Pavn,San Nicols Galeana,Anenecuilco,Atencingo,Tepalcingo,San Pedro Apatlaco,Juan Morales,La Joya,Tepoztln,Progreso,Santa Rosa Treinta,Yecapixtla,Ciudad de Huitzuco,Axochiapan,Tres de Mayo,Tlaquiltenango,Jojutla,Xochitepec,Xoxocotla,Puente de Ixtla,Zacatepec de Hidalgo,Yautepec de Zaragoza,Izcar de Matamoros,Emiliano Zapata,Taxco de Alarcn,Temixco,Iguala de la Independencia,Cuautla,Jiutepec,Cuernavaca, 
Huitzililla,0,60.36,8.179,72.719,66.511,36.153,30.272,138.812,36.351,140.278,35.164,57.285,53.864,42.979,127.68,62.738,19.643,148.929,67.045,63.327,85.878,40.16,51.929,63.778,124.583,11.967,21.892,51.74,28.271,62.115,43.82,40.215,109.187,57.604,26.573,48.57,23.587,57.879,3.679,65.497,20.492,54.341,22.802,38.751,27.365,43.691,45.226,101.289,45.396,81.881,46.114,53.713,57.339,57.558,52.257,27.982,58.033,54.574,70.314,20.489,41.657,51.77,76.819,73.791,31.813,179.286,74.945,30.487,161.311,18.41,113.779,70.945,59.91,35.034,106.046,52.825,52.636,64.266,24.733,38.603,111.479,141.996,64.973,42.904,21.086,114.652,30.162,58.352,48.879,59.692,99.263,73.029,51.32,32.893,36.849,14.402,15.476,61.457,69.512,66.35,27.497,38.992,65.587,37.52,95.773,51,23.425,66.557,17.69,21.926,19.206,49.734,50.233,54.434,45.333,25.457,123.436,33.957,84.792,45.782,49.164,90.292,52.786,63.712,47.598,38.752,60.931,61.654,110.843,85.455,127.419,20.392,59.888,69.034, 
San Juan Tejupa,60.36,0,53.163,48.551,42.342,35.617,46.757,114.643,78.878,230.649,77.691,21.832,37.376,28.157,226.141,44.89,79.907,243.064,158.944,10.495,20.537,71.364,140.481,45.929,215.23,50.202,53.188,94.267,65.213,6.385,59.037,100.479,151.714,100.131,35.044,56.223,35.99,163.864,57.265,41.328,73.638,114.605,35.871,43.982,69.892,99.176,16.253,191.936,64.828,38.935,57.411,139.964,151.703,136.755,94.784,57.059,135.434,114.838,155.615,37.124,32.834,73.794,31.297,172.275,42.496,155.117,160.246,30.551,137.142,41.887,204.426,163.994,102.437,77.561,81.877,113.089,112.9,47.92,38.123,66.66,201.85,227.201,163.457,26.199,69.181,149.148,72.689,92.848,47.515,137.605,189.634,155.703,93.847,60.95,79.376,67.742,44.502,142.125,112.039,151.651,70.024,33.367,87.612,97.784,138.3,111.264,67.314,50.211,55.915,63.918,61.733,92.261,92.76,96.961,105.597,50.009,221.897,64.299,127.319,106.046,109.428,132.819,147.652,156.018,107.862,81.279,47.44,104.181,201.49,127.982,217.79,62.919,102.415,111.561, 
Tlayecac,8.179,53.163,0,64.661,58.453,28.095,22.622,130.754,28.701,180.472,27.514,49.227,45.806,34.921,175.964,54.68,27.344,192.887,108.767,55.269,77.82,48.089,59.63,55.72,165.053,19.906,22.833,44.09,34.917,54.057,35.762,47.916,101.537,49.954,18.515,40.92,15.529,113.687,4.701,57.439,22.47,62.042,14.744,31.101,19.715,48.999,37.168,141.759,52.914,73.823,48.354,89.787,65.04,86.578,44.607,33.784,85.257,62.275,105.438,12.431,33.599,59.288,68.761,122.098,23.755,171.228,110.069,22.429,153.253,10.352,154.249,113.817,52.26,27.384,97.988,60.526,60.337,56.208,16.675,30.953,151.673,177.024,113.28,34.846,19.004,121.297,22.512,64.997,41.229,87.428,139.457,105.526,43.67,25.243,29.199,16.38,14.206,91.948,61.862,101.474,19.847,30.934,73.106,45.221,88.123,58.701,17.137,58.499,25.619,13.741,11.556,42.084,42.583,46.784,53.034,17.807,171.72,41.024,77.142,53.483,56.865,82.642,60.487,105.841,55.299,31.102,52.873,54.004,151.313,77.805,167.613,12.742,52.238,61.384, 
San Lucas Colucan,72.719,48.551,64.661,0,10.106,82.631,86.136,80.957,92.215,243.986,91.028,27.242,16.162,78.867,126.79,7.288,93.243,256.401,172.281,38.23,38.844,38.872,153.818,5.809,228.567,63.538,55.187,107.604,46.399,61.651,41.426,113.815,165.051,113.468,62.462,104.433,55.589,177.201,70.601,13.62,86.974,127.941,58.69,87.172,83.229,112.513,73.659,205.273,28.279,34.847,24.601,153.301,165.04,150.092,108.121,59.058,148.771,128.174,168.952,53.575,31.801,37.245,29.785,185.612,78.291,121.431,173.583,66.375,103.456,55.223,217.763,177.331,115.774,90.898,48.191,126.425,126.236,13.323,60.622,94.466,215.187,240.538,176.794,78.792,82.517,119.246,86.026,62.947,91.81,150.942,202.971,169.04,107.184,88.756,92.713,81.078,57.838,155.462,125.376,164.988,83.361,77.662,37.65,111.12,151.637,124.6,80.65,16.446,51.947,77.254,75.069,105.598,106.097,110.298,118.933,81.321,235.234,36.36,140.656,119.382,122.764,146.156,160.989,169.355,121.198,94.616,13.898,117.518,214.827,141.319,231.127,76.255,115.752,124.898, 
Matzaco,66.511,42.342,58.453,10.106,0,76.426,79.931,81.743,86.01,237.781,84.823,21.038,11.425,72.662,127.153,2.818,87.038,250.196,166.076,32.026,32.639,39.235,147.613,3.857,222.362,57.333,48.982,101.399,46.762,55.446,54.831,107.61,158.846,107.263,56.257,98.228,49.384,170.996,64.396,8.429,80.769,121.736,52.485,80.967,77.024,106.308,67.454,199.068,27.905,28.642,24.964,147.096,158.835,143.887,101.916,52.853,142.566,121.969,162.747,47.37,25.596,36.871,23.58,179.407,72.086,122.217,167.378,60.17,104.242,49.018,211.558,171.126,109.569,84.693,48.977,120.22,120.031,12.047,54.417,88.261,208.982,234.333,170.589,72.587,76.312,119.609,79.821,63.31,85.605,144.737,196.766,162.835,100.979,82.551,86.508,74.873,51.633,149.257,119.171,158.783,77.156,71.457,50.689,104.915,145.432,118.395,74.445,17.764,63.046,71.049,68.864,99.393,99.892,104.093,112.728,75.116,229.029,36.723,134.451,113.177,116.559,139.951,154.784,163.15,114.993,88.411,7.693,111.313,208.622,135.114,224.922,70.05,109.547,118.693, 
Metepec,36.153,35.617,28.095,82.631,76.426,0,11.36,145.407,40.745,192.516,39.557,63.88,60.459,10.504,188.008,69.333,55.698,204.931,120.811,40.537,51.29,62.742,102.348,70.373,177.097,34.981,37.908,56.095,49.992,29.578,50.415,72.419,113.581,61.998,17.395,20.826,23.691,125.731,37.769,72.092,42.442,86.545,22.877,8.585,31.72,61.004,17.453,153.803,67.567,88.476,63.007,101.831,113.57,98.622,56.651,48.437,97.301,85.564,117.482,26.569,48.252,73.941,83.414,134.142,7.099,185.881,122.113,14.298,167.906,25.081,166.293,125.861,64.265,39.389,112.641,83.815,84.84,70.861,18.875,31.263,163.717,189.068,125.324,12.504,37.985,201.162,34.555,80.072,17.424,99.472,151.501,117.57,55.675,25.553,39.696,41.233,29.281,103.992,73.906,113.518,31.891,3.276,87.759,69.724,100.167,83.204,36.118,73.152,40.694,33.919,30.535,54.089,54.627,58.789,77.537,14.613,183.764,55.677,89.186,77.986,81.368,94.686,109.519,117.885,79.802,43.107,67.526,66.009,163.357,89.849,179.657,26.038,64.243,73.428, 
Xochitln,30.272,46.757,22.622,86.136,79.931,11.36,0,159.302,31.367,183.138,30.179,77.775,74.354,23.68,178.63,83.228,46.32,195.553,111.433,83.817,106.369,76.637,92.97,84.268,167.719,48.455,51.382,46.717,63.466,42.754,64.31,63.041,104.203,52.62,29.146,11.43,44.077,116.353,33.843,85.988,33.064,77.167,43.292,6.81,22.342,51.626,30.629,144.425,81.462,102.372,76.902,92.453,104.192,89.244,47.273,62.332,87.923,76.186,108.104,40.979,62.148,87.836,97.31,124.764,15.995,199.776,112.735,33.535,181.801,38.9,156.915,116.483,54.887,30.011,126.536,74.437,75.462,84.756,27.159,21.885,154.339,179.69,115.946,25.68,28.607,191.784,25.177,93.546,16.434,90.094,142.123,108.192,46.297,16.175,30.318,31.855,42.755,94.614,64.528,104.14,22.513,16.118,101.654,60.346,90.789,73.826,26.74,87.047,54.168,24.541,21.157,44.711,45.249,49.411,68.159,4.693,174.386,69.572,79.808,68.608,71.99,85.308,100.141,108.507,70.424,33.729,81.422,56.631,153.979,80.471,170.279,18.922,54.865,64.05, 
Tecomatln,138.812,114.643,130.754,80.957,81.743,145.407,159.302,0,158.301,310.072,157.114,93.329,89.433,144.953,149.127,84.301,159.329,322.487,238.367,104.317,104.93,118.802,219.904,79.995,294.653,129.624,121.273,173.69,134.981,127.737,127.122,179.901,231.137,179.554,128.548,170.519,121.675,243.287,136.687,73.387,153.06,194.027,124.776,153.258,149.315,178.599,139.745,271.359,111.948,100.933,104.531,219.387,231.126,216.178,174.207,125.144,214.857,194.26,235.038,119.661,97.887,90.28,95.871,251.698,144.377,40.474,239.669,132.461,22.498,121.309,283.849,243.417,181.86,156.984,32.766,192.511,192.322,95.04,126.708,160.552,281.273,306.624,242.88,144.878,148.603,141.583,152.112,142.877,157.896,217.028,269.057,235.126,173.27,154.842,158.799,147.164,123.924,221.548,191.462,231.074,149.447,143.748,75.492,177.206,217.723,190.686,146.736,97.331,135.337,143.34,141.155,171.684,172.183,176.384,185.019,147.407,301.32,116.29,206.742,185.468,188.85,212.242,227.075,235.441,187.284,160.702,79.984,183.604,280.913,207.405,297.213,142.341,181.838,190.984, 
Oacalco,36.351,78.878,28.701,92.215,86.01,40.745,31.367,158.301,0,155.888,13.719,76.257,72.836,50.972,151.38,81.71,44.83,168.303,84.183,82.299,104.851,75.119,40.478,82.75,140.469,46.936,49.863,20.263,61.947,70.046,62.792,36.588,76.953,25.369,45.545,42.669,42.559,89.103,32.325,84.47,31.574,50.714,41.774,38.094,12.431,25.173,64.198,117.175,79.944,100.854,75.384,65.203,53.712,36.24,20.022,60.814,35.804,49.733,80.854,39.461,60.63,86.318,95.792,97.514,37.226,198.258,85.485,49.459,180.283,37.382,129.665,89.233,28.434,5.676,125.018,47.984,49.009,83.238,43.705,22.413,127.089,152.44,88.696,52.972,27.117,164.534,10.108,92.027,52.223,62.844,114.873,80.942,19.843,18.319,14.157,30.365,41.236,67.364,37.278,76.89,10.51,43.744,100.136,33.893,63.539,47.373,25.25,85.529,52.649,23.051,19.639,18.257,17.998,22.957,41.706,26.84,147.136,68.054,52.558,42.155,45.537,58.058,72.891,81.257,43.971,7.275,79.904,30.178,126.729,53.221,143.029,17.404,28.411,36.8, 
Santa Teresa,140.278,230.649,180.472,243.986,237.781,192.516,183.138,310.072,155.888,0,165.114,226.66,223.239,201.375,71.208,232.113,130.384,12.157,72.816,232.702,255.254,173.575,106.467,233.153,38.823,157.37,200.266,122.244,161.686,220.449,213.195,107.158,110.056,123.573,195.948,193.072,192.962,91.335,182.728,234.873,129.662,95.992,192.177,188.497,145.911,119.113,214.601,73.681,178.811,251.257,179.529,107.11,83.858,102.741,127.894,161.397,101.42,103.196,89.305,189.864,211.033,185.185,246.195,99.746,187.629,322.54,86.744,199.862,330.686,187.785,62.529,67.239,108.623,139.155,275.421,101.447,95.87,233.641,194.108,173.504,66.974,10.711,90.928,203.375,134.531,84.361,160.112,136.296,202.626,102.697,43.445,93.781,122.891,169.409,165.248,135.607,191.639,90.273,117.129,94.128,144.998,194.147,152.119,109.299,104.286,91.18,133.662,235.932,151.104,173.454,170.042,123.583,142.349,119.939,99.038,177.243,34.132,167.372,105.759,101.784,98.056,100.227,91.595,75.972,92.003,134.13,230.307,109.092,53.135,105.34,19.436,167.807,118.125,112.753, 
Fraccionamiento Lomas de Cocoyoc,35.164,77.691,27.514,91.028,84.823,39.557,30.179,157.114,13.719,165.114,0,77.939,74.518,52.327,162.621,83.392,45.644,179.544,95.424,83.981,106.533,76.801,76.961,84.432,151.71,48.618,51.545,30.941,63.629,71.401,64.474,47.266,88.194,36.61,47.227,35.885,44.241,100.344,34.007,86.152,32.388,61.392,43.456,39.449,12.798,35.851,65.88,128.416,81.626,102.536,77.066,76.444,88.183,73.235,31.263,62.496,71.914,60.411,92.095,41.143,62.312,88,97.474,108.755,38.581,199.94,96.726,51.141,181.965,39.064,140.906,100.474,39.112,14.235,126.7,58.662,59.687,84.92,45.387,20.693,138.33,163.681,99.937,54.327,27.931,175.775,5.714,93.709,45.439,74.085,126.114,92.183,30.522,16.599,12.437,31.179,42.918,78.605,48.519,88.131,10.605,45.099,101.818,44.571,74.78,58.051,26.064,87.211,54.331,23.865,21.321,28.935,29.239,33.635,52.384,28.195,158.377,69.736,63.799,52.833,56.215,69.299,84.132,92.498,54.649,17.953,81.586,40.856,137.97,64.462,154.27,19.086,39.09,48.041, 
Tlapanal,57.285,21.832,49.227,27.242,21.038,63.88,77.775,93.329,76.257,226.66,77.939,0,16.06,36.881,138.284,23.574,81.634,244.792,160.672,11.372,13.129,50.366,142.209,24.613,216.958,51.929,43.578,95.995,57.286,28.256,49.427,102.206,153.442,101.859,50.853,92.824,43.98,165.592,58.992,20.012,75.365,116.332,47.081,75.563,71.62,100.904,27.435,193.664,43.512,10.494,36.095,141.692,153.431,138.483,96.512,47.449,137.162,116.565,157.343,41.966,20.192,52.478,12.319,174.003,66.682,133.801,161.974,54.766,115.826,43.614,206.154,165.722,104.165,79.289,60.561,114.816,114.627,26.604,49.013,82.857,203.578,228.929,165.185,35.903,70.908,130.74,74.417,74.441,80.201,139.333,191.362,157.431,95.575,77.147,81.104,69.469,46.229,143.853,113.767,153.379,71.752,66.053,66.296,99.511,140.028,112.991,69.041,28.895,57.642,65.645,63.46,93.989,94.488,98.689,107.324,69.712,223.625,54.689,129.047,107.773,111.155,134.547,149.38,157.746,109.589,83.007,15.446,105.909,203.218,129.71,219.518,64.646,104.143,113.289, 
Tilapa,53.864,37.376,45.806,16.162,11.425,60.459,74.354,89.433,72.836,223.239,74.518,16.06,0,61.936,122.224,8.873,76.312,239.47,155.35,26.462,36.497,34.306,136.887,9.913,211.636,46.607,38.256,90.673,51.964,59.304,44.105,96.884,148.12,96.537,45.531,87.502,38.658,160.27,53.67,16.117,70.043,111.01,41.759,70.241,66.298,95.582,56.728,188.342,27.452,32.5,20.035,136.37,148.109,133.161,91.19,42.127,131.84,111.243,152.021,36.644,14.87,36.418,27.438,168.681,61.36,129.905,156.652,49.444,111.93,38.292,200.832,160.4,98.843,73.967,56.665,109.494,109.305,10.544,43.691,77.535,198.256,223.607,159.863,61.861,65.586,114.68,69.095,58.381,74.879,134.011,186.04,152.109,90.253,71.825,75.782,64.147,40.907,138.531,108.445,148.057,66.43,60.731,50.236,94.189,134.706,107.669,63.719,12.835,52.32,60.323,58.138,88.667,89.166,93.367,102.002,64.39,218.303,31.794,123.725,102.451,105.833,129.225,144.058,152.424,104.267,77.685,11.55,100.587,197.896,124.388,214.196,59.324,98.821,107.967, 
San Antonio Alpanocan,42.979,28.157,34.921,78.867,72.662,10.504,23.68,144.953,50.972,201.375,52.327,36.881,61.936,0,198.099,68.816,63.257,215.022,130.902,32.573,43.326,62.225,112.439,69.856,187.188,34.464,37.391,66.186,49.475,21.614,49.898,82.51,123.672,72.089,16.878,30.917,23.174,135.822,40.615,71.575,52.533,96.636,22.36,18.676,41.811,71.095,9.489,163.894,67.05,61.509,62.49,111.922,123.661,108.713,66.742,47.92,107.392,95.655,127.573,26.052,47.735,73.424,53.871,144.233,17.19,185.364,132.204,12.591,167.389,24.564,176.384,135.952,74.356,49.48,112.124,93.906,94.931,70.344,18.358,41.354,173.808,199.159,135.415,2.363,48.076,135.855,44.646,79.555,22.209,109.563,161.592,127.661,65.766,35.644,49.787,51.091,28.764,114.083,83.997,123.609,41.982,8.061,87.242,79.815,110.258,93.295,46.209,72.635,40.177,47.267,45.083,64.18,64.718,68.88,87.628,24.703,193.855,55.16,99.277,88.077,91.459,104.777,119.61,127.976,89.893,53.198,67.009,76.1,173.448,99.94,189.748,36.129,74.334,83.519, 
Atenango del Ro,127.68,226.141,175.964,126.79,127.153,188.008,178.63,149.127,151.38,71.208,162.621,138.284,122.224,198.099,0,124.598,109.513,63.289,84.048,149.288,153.807,89.231,103.379,123.016,88.097,112.162,107.602,119.156,96.325,217.361,97.975,86.287,106.62,120.484,192.86,189.984,189.874,70.464,131.35,133.389,108.791,75.121,189.089,185.409,142.823,98.242,211.513,117.04,102.838,149.81,103.557,104.022,75.791,99.653,124.805,99.105,98.332,82.325,94.823,186.776,127.619,81.897,144.748,79.558,184.541,119.239,97.672,196.774,133.831,184.697,129.53,89.098,105.534,136.067,173.937,80.576,74.999,114.087,191.02,170.416,126.954,56.356,70.74,200.287,113.66,13.246,157.024,65.181,199.538,99.609,92.72,101.863,119.803,166.321,162.16,114.736,116.213,86.837,114.04,96.583,141.91,191.059,81.004,88.428,101.198,76.071,112.791,110.098,106.373,119.242,166.954,120.495,139.261,116.851,86.207,174.155,37.796,92.434,102.671,80.913,77.185,97.139,80.368,81.122,80.282,131.042,128.861,106.003,126.594,102.251,68.711,164.719,115.037,109.664, 
San Nicols Tolentino,62.738,44.89,54.68,7.288,2.818,69.333,83.228,84.301,81.71,232.113,83.392,23.574,8.873,68.816,124.598,0,88.727,251.885,167.765,33.715,34.402,36.682,149.302,1.039,224.051,59.022,50.671,103.088,44.209,57.209,39.236,109.299,160.535,108.952,57.946,99.917,51.073,172.685,66.085,10.977,82.458,123.425,54.174,82.656,78.713,107.997,69.143,200.757,25.087,30.405,22.411,148.785,160.524,145.576,103.605,54.542,144.255,123.658,164.436,49.059,27.285,34.053,25.343,181.096,73.775,124.765,169.067,61.859,106.79,50.707,213.247,172.815,111.258,86.382,51.525,121.909,121.72,9.229,56.106,89.95,210.671,236.022,172.278,74.276,78.001,117.056,81.51,60.757,87.294,146.426,198.455,164.524,102.668,84.24,88.197,76.562,53.322,150.946,120.86,160.472,78.845,73.146,47.871,106.604,147.121,120.084,76.134,15.211,49.757,72.738,70.553,101.082,101.581,105.782,114.417,76.805,230.718,34.17,136.14,114.866,118.248,141.64,156.473,164.839,116.682,90.1,9.456,113.002,210.311,136.803,226.611,71.739,111.236,120.382, 
Chinameca,19.643,79.907,27.344,93.243,87.038,55.698,46.32,159.329,44.83,130.384,45.644,81.634,76.312,63.257,109.513,88.727,0,131.32,49.436,81.954,104.505,43.659,34.32,82.405,106.974,27.454,32.523,53.156,31.77,80.742,37.51,22.606,62.364,76.231,45.2,57.603,42.214,40.27,22.306,84.124,14.052,36.732,41.429,57.378,33.044,26.082,63.853,83.68,48.895,100.508,49.613,36.104,39.73,39.949,70.884,31.481,40.424,35.938,52.705,36.459,60.284,55.269,95.446,56.182,50.44,197.913,57.336,49.114,179.938,37.037,96.17,53.336,46.882,40.744,124.673,34.189,35.027,60.143,43.36,47.636,93.87,124.387,47.364,61.531,18.271,123.225,48.789,61.851,67.506,42.083,81.654,55.42,52.737,41.926,55.476,19.348,31.505,43.848,62.012,48.741,46.124,57.619,69.086,19.911,48.95,33.391,20.61,56.154,21.189,23.853,29.562,51.151,68.86,55.85,27.724,44.084,105.827,37.456,50.643,28.173,31.555,44.891,35.177,46.103,29.989,43.215,79.558,47.35,93.234,49.052,109.81,29.355,52.206,57.636, 
Mayanaln,148.929,243.064,192.887,256.401,250.196,204.931,195.553,322.487,168.303,12.157,179.544,244.792,239.47,215.022,63.289,251.885,131.32,0,84.856,244.742,267.294,152.343,118.507,245.193,50.863,169.41,212.306,134.284,173.726,232.489,225.235,119.198,122.096,135.613,207.988,205.112,205.002,103.375,194.768,246.913,141.702,108.032,204.217,200.537,157.951,131.153,226.641,85.721,190.851,263.297,191.569,119.15,95.898,114.781,139.934,173.437,113.46,115.236,101.345,201.904,223.073,197.225,258.235,111.786,199.669,182.351,98.784,211.902,342.726,199.825,74.569,79.279,120.663,151.195,287.461,113.487,107.91,245.681,206.148,185.544,79.014,16.482,102.968,215.415,146.571,76.358,172.152,128.293,214.666,114.737,55.485,105.821,134.931,181.449,177.288,147.647,203.679,102.313,129.169,106.168,157.038,206.187,144.116,121.339,116.326,103.22,145.702,247.972,163.144,185.494,182.082,135.623,154.389,131.979,111.078,189.283,26.129,179.412,117.799,113.824,110.096,112.267,103.635,88.012,104.043,146.17,242.347,121.132,65.175,117.38,31.476,179.847,130.165,124.793, 
San Gabriel las Palmas,67.045,158.944,108.767,172.281,166.076,120.811,111.433,238.367,84.183,72.816,95.424,160.672,155.35,130.902,84.048,167.765,49.436,84.856,0,164.461,187.013,91.597,38.226,164.912,58.077,75.392,80.461,54.004,79.708,152.208,85.448,28.047,38.087,55.332,127.707,124.831,124.721,16.212,114.487,166.632,49.813,22.037,123.936,120.256,77.671,39.264,146.36,34.783,96.833,183.016,97.551,29.904,11.889,34.5,59.653,79.419,33.179,28.779,17.336,121.623,142.792,103.207,177.954,22.037,119.388,280.42,17.972,131.621,262.445,119.544,47.273,4.439,40.382,70.915,207.18,27.03,26.141,165.4,125.867,105.263,45.069,70.42,13.34,135.134,54.682,104.486,91.871,109.789,134.385,27.545,32.853,21.812,54.651,101.168,97.007,55.758,123.398,18.304,48.888,22.158,76.758,125.906,117.024,29.654,36.045,19.211,53.812,104.092,69.126,60.264,101.801,55.343,74.108,51.699,26.588,109.002,87.088,85.394,37.518,25.457,23.64,27.405,19.145,3.821,20.034,65.89,162.066,40.851,44.337,34.772,61.009,99.566,49.885,44.512, 
Huaquechula,63.327,10.495,55.269,38.23,32.026,40.537,83.817,104.317,82.299,232.702,83.981,11.372,26.462,32.573,149.288,33.715,81.954,244.742,164.461,0,10.038,63.962,144.417,35.413,219.166,54.137,45.786,98.203,59.494,16.899,51.635,104.414,155.65,104.067,37.13,60.911,46.188,167.8,61.2,30.812,77.573,118.54,37.957,48.67,73.828,103.112,18.339,195.872,54.312,22.83,46.895,143.9,155.639,140.691,98.72,49.657,139.37,118.773,159.551,44.174,22.401,63.278,15.192,176.211,47.184,144.601,164.182,32.637,126.626,45.822,208.362,167.93,106.373,81.497,71.361,117.024,116.835,37.404,51.221,85.065,205.786,231.137,167.393,30.887,73.116,141.746,76.625,85.446,52.203,141.541,193.57,159.639,97.783,79.355,83.312,71.677,48.437,146.061,115.975,155.587,73.96,38.055,77.096,101.719,142.236,115.199,71.249,39.695,59.85,67.853,65.668,96.197,96.696,100.897,109.532,71.92,225.833,56.897,131.255,109.981,113.363,136.755,151.588,159.954,111.797,85.215,26.246,108.117,205.426,131.918,221.726,66.854,106.351,115.497, 
Cacaloxchitl,85.878,20.537,77.82,38.844,32.639,51.29,106.369,104.93,104.851,255.254,106.533,13.129,36.497,43.326,153.807,34.402,104.505,267.294,187.013,10.038,0,65.879,166.942,35.433,241.691,76.662,68.311,120.728,82.019,21.835,74.16,126.939,178.175,126.592,75.586,117.557,68.713,190.325,83.725,31.715,100.098,141.065,71.814,59.432,96.353,125.637,28.383,218.397,59.025,17.194,51.608,166.425,178.164,163.216,121.245,72.182,161.895,141.298,182.076,66.699,44.925,67.991,9.556,198.736,91.415,145.503,186.707,79.499,127.528,68.347,230.887,190.455,128.898,104.022,72.263,139.549,139.36,42.117,73.746,107.59,228.311,253.662,189.918,41.649,95.641,146.253,99.15,89.954,62.965,164.066,216.095,182.164,120.308,101.88,105.837,94.202,70.962,168.586,138.5,178.112,96.485,48.817,81.809,124.244,164.761,137.724,93.774,44.408,82.375,90.378,88.193,118.722,119.221,123.422,132.057,94.445,248.358,63.367,153.78,132.506,135.888,159.28,174.113,182.479,134.322,107.74,25.699,130.642,227.951,154.443,244.251,89.379,128.876,138.022, 
Tzicatln,40.16,71.364,48.089,38.872,39.235,62.742,76.637,118.802,75.119,173.575,76.801,50.366,34.306,62.225,89.231,36.682,43.659,152.343,91.597,63.962,65.879,0,76.516,35.098,149.17,28.575,22.267,91.014,13.323,88.696,12.64,64.802,104.56,96.878,45.872,87.843,38.999,82.466,43.393,45.471,56.248,78.928,42.1,70.582,66.639,68.278,57.069,125.876,14.92,61.892,15.639,78.3,81.926,82.145,91.531,14.628,82.62,79.161,94.901,36.985,42.284,21.294,56.83,98.378,61.701,106.237,99.532,49.785,87.939,38.633,138.366,95.532,99.184,74.308,86.019,77.412,77.223,26.169,44.032,77.876,136.066,145.494,89.56,62.202,60.467,81.687,69.436,25.388,75.22,84.279,123.85,97.616,90.594,72.166,76.123,54.116,32.626,86.044,108.786,90.937,66.771,61.072,35.112,62.107,91.146,75.587,64.06,22.18,22.786,60.664,58.479,89.008,89.507,93.708,69.92,64.731,126.934,7.2,124.066,70.369,73.751,87.087,77.373,88.299,72.185,78.026,40.943,100.928,135.43,124.729,152.006,59.665,99.162,108.308, 
Tetecalita,51.929,140.481,59.63,153.818,147.613,102.348,92.97,219.904,40.478,106.467,76.961,142.209,136.887,112.439,103.379,149.302,34.32,118.507,38.226,144.417,166.942,76.516,0,144.084,90.681,60.278,65.347,20.61,64.594,131.38,70.334,12.986,28.412,34.504,106.879,104.003,103.893,39.315,55.129,145.804,34.699,25.099,103.108,99.428,44.277,24.15,125.532,67.387,81.719,162.188,82.437,11.033,22.773,5.997,38.825,64.305,6.472,27.412,31.222,100.795,121.964,88.093,157.126,47.726,98.56,259.592,35.853,110.793,241.617,98.716,79.877,39.445,12.93,37.521,186.352,25.663,24.45,92.967,105.039,84.435,77.301,102.652,38.908,114.306,39.568,114.746,71.043,94.675,113.557,8.131,65.085,31.309,21.257,80.34,76.179,40.644,64.329,17.732,28.06,27.258,43.365,105.078,101.91,14.54,14.998,21.758,38.698,88.978,54.012,45.15,80.973,21.95,53.28,18.305,10.395,88.174,97.348,70.28,16.691,18.807,22.272,10.939,17.744,31.469,18.356,32.496,141.238,13.398,76.941,15.1,93.241,49.91,18.254,23.684, 
Ayutla (San Felipe Ayutla),63.778,45.929,55.72,5.809,3.857,70.373,84.268,79.995,82.75,233.153,84.432,24.613,9.913,69.856,123.016,1.039,82.405,245.193,164.912,35.413,35.433,35.098,144.084,0,225.091,60.062,51.711,104.128,45.249,58.249,40.276,110.339,161.575,109.992,58.986,100.957,52.113,173.725,67.125,10.894,83.498,124.465,55.214,83.696,79.753,109.037,70.183,201.797,25.265,31.445,23.451,149.825,161.564,146.616,104.645,55.582,145.295,124.698,165.476,50.099,28.325,34.231,26.383,182.136,74.815,120.467,170.107,62.899,102.492,51.747,214.287,173.855,112.298,87.422,47.227,122.949,122.76,9.532,57.146,90.99,211.711,237.062,173.318,75.316,79.041,118.096,82.55,61.797,88.334,147.466,199.495,165.564,103.708,85.28,89.237,77.602,54.362,151.986,121.9,161.512,79.885,74.186,48.049,107.644,148.161,121.124,77.174,13.432,50.797,73.778,71.593,102.122,102.621,106.822,115.457,77.845,231.758,35.21,137.18,115.906,119.288,142.68,157.513,165.879,117.722,91.14,10.496,114.042,211.351,137.843,227.651,72.779,112.276,121.422, 
Taxco el Viejo,124.583,215.23,165.053,228.567,222.362,177.097,167.719,294.653,140.469,38.823,151.71,216.958,211.636,187.188,88.097,224.051,106.974,50.863,58.077,219.166,241.691,149.17,90.681,225.091,0,143.009,185.905,107.883,147.325,206.088,198.834,92.797,94.777,109.212,181.587,178.711,178.601,76.974,168.367,220.512,115.301,81.631,177.816,174.136,131.55,104.752,200.24,30.135,164.45,236.896,165.168,92.749,68.579,88.38,113.533,147.036,87.059,88.835,73.865,175.503,196.672,170.824,231.834,85.385,173.268,334.3,69.009,185.501,316.325,173.424,24.277,57.78,94.262,124.794,261.06,87.086,81.509,219.28,179.747,159.143,37.916,35.383,76.567,189.014,120.17,101.275,145.751,153.21,188.265,88.336,50.969,78.341,108.53,155.048,150.887,121.246,177.278,74.994,102.768,77.551,130.637,179.786,184.641,86.344,89.925,75.901,119.301,221.571,136.743,159.093,155.681,109.222,127.988,105.578,84.677,162.882,51.046,153.011,91.398,87.423,83.695,85.866,77.234,61.611,76.724,119.769,215.946,94.731,14.883,90.979,20.309,153.446,103.764,98.392, 
Atotonilco,11.967,50.202,19.906,63.538,57.333,34.981,48.455,129.624,46.936,157.37,48.618,51.929,46.607,34.464,112.162,59.022,27.454,169.41,75.392,54.137,76.662,28.575,60.278,60.062,143.009,0,10.319,63.305,16.09,53.731,20.267,47.98,120.752,69.169,18.19,60.134,13.737,65.644,15.481,56.103,32.294,62.106,14.418,42.873,38.93,51.456,35.831,109.054,33.214,72.487,33.932,61.478,65.104,65.323,63.822,15.8,65.798,62.339,78.079,10.657,32.263,39.588,67.425,81.556,33.992,169.892,82.71,22.103,151.917,10.442,121.544,78.71,71.475,46.599,96.652,60.59,60.401,44.462,16.349,50.167,119.244,149.761,72.738,34.52,32.888,102.47,41.727,46.17,47.538,67.457,107.028,80.794,62.885,44.457,48.414,26.204,5.703,69.222,81.077,74.115,39.062,33.39,53.405,45.285,107.338,58.765,36.351,40.473,6.792,32.955,30.77,61.299,61.798,65.999,53.098,37.022,131.201,21.775,96.357,53.547,56.929,101.857,60.551,71.477,55.363,50.317,51.537,73.219,118.608,97.02,135.184,31.956,71.453,80.599, 
Tetelilla,21.892,53.188,22.833,55.187,48.982,37.908,51.382,121.273,49.863,200.266,51.545,43.578,38.256,37.391,107.602,50.671,32.523,212.306,80.461,45.786,68.311,22.267,65.347,51.711,185.905,10.319,0,66.23,17.74,55.786,9.949,53.476,123.677,72.094,21.115,63.059,15.898,71.14,29.227,47.957,44.922,67.602,17.343,45.798,41.855,56.952,38.902,163.899,27.101,64.341,22.541,66.974,70.6,70.819,66.747,7.903,107.397,67.835,83.575,12.818,24.117,33.475,59.279,87.052,36.917,161.745,88.206,25.028,143.77,13.367,176.389,84.206,74.4,49.524,88.505,66.086,65.897,34.299,19.274,53.092,173.813,155.257,78.234,37.445,41.143,100.06,44.652,43.76,50.463,109.568,161.597,127.666,65.81,47.382,51.339,39.704,8.627,114.088,84.002,79.611,41.987,36.315,47.293,50.781,110.263,64.261,39.276,30.31,12.288,35.88,33.695,64.224,64.723,68.924,58.594,39.947,136.697,15.211,99.282,59.043,62.425,104.782,66.047,127.981,60.859,53.242,43.391,76.144,173.453,99.945,189.753,34.881,74.378,83.524, 
Unidad Habitacional Rinconada Acolapa,51.74,94.267,44.09,107.604,101.399,56.095,46.717,173.69,20.263,122.244,30.941,95.995,90.673,66.186,119.156,103.088,53.156,134.284,54.004,98.203,120.728,91.014,20.61,104.128,107.883,63.305,66.23,0,78.259,85.59,79.104,39.526,45.489,25.014,61.857,58.214,58.871,57.639,48.637,100.782,32.987,62.296,58.086,53.638,25.114,28.111,80.51,85.711,96.256,117.166,91.696,33.738,45.477,17.398,29.335,77.126,16.962,69.5,49.389,55.773,76.942,102.63,112.104,66.05,52.77,214.57,54.02,65.771,196.595,53.694,98.201,57.769,9.592,18.359,141.33,67.751,62.174,99.55,60.017,40.943,95.625,120.976,57.232,68.516,39.785,133.069,26,108.339,67.768,31.379,83.409,49.477,2.095,36.849,32.687,43.496,57.548,35.899,24.323,45.425,24.202,59.288,116.448,36.831,32.075,48.59,37.918,101.841,68.961,36.182,35.951,2.787,40.571,4.115,42.327,42.384,115.671,84.366,21.094,45.093,64.36,26.593,41.426,49.793,47.601,13.334,96.216,11.336,95.265,21.756,111.565,30.748,9.57,19.947, 
Ixtlilco el Grande,28.271,65.213,34.917,46.399,46.762,49.992,63.466,134.981,61.947,161.686,63.629,57.286,51.964,49.475,96.325,44.209,31.77,173.726,79.708,59.494,82.019,13.323,64.594,45.249,147.325,16.09,17.74,78.259,0,68.742,16.111,52.889,92.647,84.18,33.201,75.145,28.747,70.553,31.48,61.665,44.335,67.015,29.429,57.884,53.941,56.365,50.842,113.963,22.393,78.049,23.111,66.387,70.013,70.232,78.833,12.196,70.707,67.248,82.988,25.667,37.825,28.767,72.987,86.465,49.003,175.453,87.619,37.114,157.478,25.453,126.453,83.619,86.486,61.61,102.213,65.499,65.31,33.641,31.36,65.178,124.153,154.67,77.647,49.531,48.554,88.16,56.738,31.86,62.549,72.366,111.937,85.703,77.896,59.468,63.425,42.203,20.713,74.131,96.088,79.024,54.073,48.401,42.584,50.194,79.233,63.674,50.893,29.652,9.466,47.966,45.781,76.31,76.809,81.01,58.007,52.033,136.11,10.954,80.926,58.456,61.838,75.174,65.46,76.386,60.272,65.328,57.099,88.23,123.517,79.335,140.093,46.967,86.464,95.61, 
Tochimilco,62.115,6.385,54.057,61.651,55.446,29.578,42.754,127.737,70.046,220.449,71.401,28.256,59.304,21.614,217.361,57.209,80.742,232.489,152.208,16.899,21.835,88.696,131.38,58.249,206.088,53.731,55.786,85.59,68.742,0,61.423,102.865,142.632,91.049,36.211,49.877,38.376,154.782,59.651,54.53,76.024,116.991,38.257,37.636,60.771,90.055,16.773,182.854,81.84,40.009,74.423,130.882,142.621,127.673,85.702,59.445,126.352,117.224,146.533,39.51,39.236,90.806,32.371,163.193,36.15,168.318,151.164,31.924,150.343,43.897,195.344,154.912,93.316,68.44,95.078,115.475,115.286,64.932,37.691,60.314,192.768,218.119,154.375,19.853,71.567,151.534,63.606,95.234,41.169,128.523,180.552,146.621,84.726,54.604,68.747,70.128,46.888,133.043,102.957,142.569,60.942,27.021,104.624,100.17,129.218,113.65,69.7,67.223,58.301,66.304,64.119,83.14,83.678,87.84,107.983,43.663,212.815,66.685,118.237,108.432,111.814,123.737,138.57,146.936,110.248,72.158,48.514,95.06,192.408,118.9,208.708,65.305,93.294,102.479, 
Atlacahualoya,43.82,59.037,35.762,41.426,54.831,50.415,64.31,127.122,62.792,213.195,64.474,49.427,44.105,49.898,97.975,39.236,37.51,225.235,85.448,51.635,74.16,12.64,70.334,40.276,198.834,20.267,9.949,79.104,16.111,61.423,0,58.615,136.143,84.56,33.554,75.525,26.681,76.279,41.693,53.806,58.066,72.741,29.782,58.264,54.321,62.091,44.751,176.365,17.474,70.19,14.143,72.113,75.739,75.958,79.213,6.016,119.863,72.974,140.044,24.667,29.966,23.848,65.128,92.191,49.383,167.594,144.675,37.467,149.619,26.315,188.855,89.345,86.866,61.99,94.354,71.225,71.036,28.723,31.714,65.558,186.279,160.396,83.373,49.884,53.609,90.433,57.118,34.133,62.902,122.034,174.063,140.132,78.276,59.848,63.805,52.17,18.576,126.554,96.468,136.08,54.453,48.754,37.666,55.92,122.729,69.4,51.742,24.734,16.599,48.346,46.161,76.69,77.189,81.39,63.733,52.413,141.836,5.584,111.748,64.182,67.564,117.248,71.186,140.447,65.998,65.708,49.24,88.61,185.919,112.411,202.219,47.347,86.844,95.99, 
Huatecalco,40.215,100.479,47.916,113.815,107.61,72.419,63.041,179.901,36.588,107.158,47.266,102.206,96.884,82.51,86.287,109.299,22.606,119.198,28.047,104.414,126.939,64.802,12.986,110.339,92.797,47.98,53.476,39.526,52.889,102.865,58.615,0,41.031,47.123,62.966,74.441,59.98,18.884,43.416,101.891,22.986,15.346,59.195,69.865,41.342,12.437,81.619,62.294,70.006,118.275,70.724,15.161,18.344,18.616,51.444,52.592,19.091,13.817,31.319,57.57,78.051,76.38,113.213,34.248,68.997,215.679,35.95,66.88,197.704,54.803,74.784,31.95,25.549,34.586,142.439,12.068,13.093,81.254,61.126,57.17,72.484,102.453,25.43,79.297,27.855,101.291,42.227,82.962,83.995,20.75,60.268,34.034,39.092,53.076,48.914,28.931,52.616,22.462,40.679,27.355,40.43,75.515,90.197,2.623,27.617,12.005,26.986,77.265,42.299,33.437,39.146,37.506,45.389,30.924,6.339,58.611,83.893,58.567,29.31,6.239,9.621,23.558,13.792,24.717,8.603,29.57,97.325,26.017,71.848,27.719,88.424,46.975,30.873,36.303, 
Cuentepec,109.187,151.714,101.537,165.051,158.846,113.581,104.203,231.137,76.953,110.056,88.194,153.442,148.12,123.672,106.62,160.535,62.364,122.096,38.087,155.65,178.175,104.56,28.412,161.575,94.777,120.752,123.677,45.489,92.647,142.632,136.143,41.031,0,46.735,119.111,116.235,116.125,36.508,105.891,158.036,62.709,36.749,115.34,111.66,69.074,52.16,137.764,72.325,109.729,174.42,110.447,29.02,30.295,24.651,51.056,92.315,23.33,42.976,23.615,113.027,134.196,116.103,169.358,52.521,110.792,271.824,28.291,123.025,253.849,110.948,84.815,41.981,28.691,62.318,198.584,41.227,39.014,156.804,117.271,96.667,82.096,107.447,43.703,126.538,67.578,119.541,83.275,122.685,125.789,24.607,69.88,19.313,46.054,92.572,88.411,68.654,114.802,19.889,40.291,21.317,68.161,117.31,129.92,42.55,14.253,33.408,66.708,159.095,82.022,96.617,93.205,46.746,65.512,43.102,35.63,100.406,102.143,98.29,28.922,39.654,37.836,19.908,26.244,36.249,34.23,57.293,153.47,29.16,81.879,20.208,98.036,90.97,41.288,35.915, 
Villa Santiago,57.604,100.131,49.954,113.468,107.263,61.998,52.62,179.554,25.369,123.573,36.61,101.859,96.537,72.089,120.484,108.952,76.231,135.613,55.332,104.067,126.592,96.878,34.504,109.992,109.212,69.169,72.094,25.014,84.18,91.049,84.56,47.123,46.735,0,67.073,64.196,64.087,58.761,53.853,105.998,53.102,63.418,63.302,59.621,34.231,48.972,85.726,86.833,101.472,122.382,96.912,34.86,46.6,31.652,5.565,82.342,30.331,70.622,50.512,60.989,82.158,107.846,117.32,67.172,58.753,219.786,55.143,70.987,201.811,58.91,99.323,58.891,22.088,30.674,146.546,68.873,63.296,104.766,65.233,44.628,96.747,122.098,58.354,74.499,48.645,134.192,31.237,113.555,73.75,32.501,84.531,50.6,22.956,40.533,36.372,51.893,62.764,37.022,11.87,46.548,32.038,65.271,121.664,49.551,33.197,49.713,46.778,107.057,74.177,44.579,41.167,23.649,13.053,20.004,43.449,48.367,116.794,89.582,22.216,51.733,65.482,27.716,42.549,50.915,48.723,31.423,101.432,23.832,96.387,22.879,112.687,38.932,18.19,11.392, 
Zacualpan de Amilpas,26.573,35.044,18.515,62.462,56.257,17.395,29.146,128.548,45.545,195.948,47.227,50.853,45.531,16.878,192.86,57.946,45.2,207.988,127.707,37.13,75.586,45.872,106.879,58.986,181.587,18.19,21.115,61.857,33.201,36.211,33.554,62.966,119.111,67.073,0,37.637,6.928,130.968,24.369,55.329,40.741,81.709,4.872,25.396,36.996,66.28,19.551,159.04,50.804,71.713,46.244,107.068,118.807,103.859,61.888,31.674,102.538,81.942,122.719,9.806,31.489,57.178,66.651,139.379,23.339,169.118,127.35,4.184,151.143,8.318,171.53,131.098,69.541,44.665,95.878,80.193,80.004,54.098,2.112,48.234,168.954,194.305,130.561,16.601,36.284,119.609,39.793,63.309,29.619,104.709,156.738,122.807,60.951,42.524,46.48,34.845,12.518,109.229,79.143,118.755,37.128,15.471,70.996,64.888,105.404,78.368,34.417,56.389,23.931,31.021,28.837,59.365,59.864,64.065,72.701,24.314,189.001,38.914,94.423,73.15,76.532,99.923,114.756,123.122,74.966,48.383,50.763,71.285,168.594,95.086,184.894,30.022,69.519,78.665, 
San Andrs Tlalamac,48.57,56.223,40.92,104.433,98.228,20.826,11.43,170.519,42.669,193.072,35.885,92.824,87.502,30.917,189.984,99.917,57.603,205.112,124.831,60.911,117.557,87.843,104.003,100.957,178.711,60.134,63.059,58.214,75.145,49.877,75.525,74.441,116.235,64.196,37.637,0,54.199,126.475,43.965,96.11,43.186,87.289,53.414,12.106,32.464,61.748,34.815,154.547,91.584,112.494,87.024,102.575,114.314,99.366,57.395,72.454,98.045,86.308,118.226,51.101,72.27,97.958,107.432,134.886,18.196,209.898,122.857,32.35,191.923,49.022,167.037,126.605,65.009,40.133,136.658,84.559,85.584,94.878,36.927,19.871,164.461,189.812,126.068,29.866,38.729,201.906,35.299,103.668,14.62,100.216,152.245,118.314,56.419,14.161,28.303,41.977,52.877,104.736,74.65,114.262,32.635,20.304,111.776,70.468,100.911,83.948,36.862,97.169,64.29,34.663,31.279,54.833,55.371,59.533,78.281,16.098,184.508,79.694,89.93,78.73,82.112,95.43,110.263,118.629,80.546,43.851,91.544,66.753,164.101,90.593,180.401,29.044,64.987,74.172, 
Amilcingo,23.587,35.99,15.529,55.589,49.384,23.691,44.077,121.675,42.559,192.962,44.241,43.98,38.658,23.174,189.874,51.073,42.214,205.002,124.721,46.188,68.713,38.999,103.893,52.113,178.601,13.737,15.898,58.871,28.747,38.376,26.681,59.98,116.125,64.087,6.928,54.199,0,128.422,21.823,48.395,38.196,79.163,2.169,32.054,34.45,63.734,21.788,156.494,43.869,64.779,39.309,104.522,116.261,101.313,59.342,24.739,99.992,79.396,120.173,3.08,24.555,50.243,59.717,136.833,29.513,162.183,124.804,10.842,144.208,5.331,168.984,128.552,66.995,42.119,88.943,77.647,77.458,47.163,5.088,45.688,166.408,191.759,128.015,23.259,33.739,116.828,37.247,60.528,36.277,102.163,154.192,120.261,58.405,39.978,43.934,32.3,8.144,106.683,76.597,116.209,34.582,22.129,64.061,62.342,102.858,75.822,31.872,49.454,19.447,28.476,26.291,56.819,57.318,61.519,70.155,32.543,186.455,31.979,91.877,70.604,73.986,97.377,112.21,120.576,72.42,45.837,43.829,68.739,166.048,92.54,182.348,27.477,66.973,76.119, 
Tequesquitengo,57.879,163.864,113.687,177.201,170.996,125.731,116.353,243.287,89.103,91.335,100.344,165.592,160.27,135.822,70.464,172.685,40.27,103.375,16.212,167.8,190.325,82.466,39.315,173.725,76.974,65.644,71.14,57.639,70.553,154.782,76.279,18.884,36.508,58.761,130.968,126.475,128.422,0,65.071,168.745,42.512,6.213,126.049,122.369,79.784,31.963,148.473,54.001,91.66,185.129,92.378,40.983,6.93,36.614,61.766,74.246,35.293,16.045,29.394,123.736,144.905,98.034,180.067,16.416,121.501,282.533,34.025,133.734,264.558,121.657,66.491,26.059,42.495,73.028,209.293,14.296,10.316,102.908,127.98,107.376,63.915,84.62,7.597,137.247,47.381,83.458,93.984,104.616,136.498,36.57,51.699,32.109,56.764,103.281,99.12,48.457,74.27,23.798,51.001,25.43,78.871,128.019,111.851,22.149,38.159,7.163,46.512,98.919,63.954,52.963,103.914,57.456,76.221,53.812,15.943,111.115,66.06,80.221,39.632,14.634,10.906,34.1,11.506,18.083,11.374,68.003,164.179,42.964,63.555,39.212,79.855,101.679,51.998,46.625, 
