LOCALIDADES,Villa Hidalgo,Kotolte,Carmen Zacatal,El mbar (El mbar de Echeverra),San Vicente la Mesilla,El Progreso,Benito Jurez,Nuevo Len,Huitiupn,Guaquitepec,Jardnes del Grijalva,Abasolo,Nuevo Vicente Guerrero,Doctor Domingo Chanona,San Andrs Duraznal,Lzaro Crdenas,Nuevo Mxico,La Independencia,Presidente Echeverra (Laja Tendida),Cuauhtmoc,Chenalh,Plan de Ayala,Coapilla,Nachig,Francisco Sarabia,Valle Morelos,Chamula,Chicoasn,Aguacatenango,Ricardo Flores Magn,Benito Jurez,Guadalupe Victoria (Lzaro Crdenas),Ixhuatn,Yoshib,Past,Chiapilla,Zinacantn,Soyatitn,Ocuilapa de Jurez,Amatn,Soyal,Nicols Ruz,Tres Picos,Jitotol,Tenango,Tecpatn,Totolapa,Navenchauc,El Jobo,20 de Noviembre,Amatenango del Valle,Ocotepec,Cristbal Obregn,San Lucas,Socoltenango,Tzimol,El Bosque,Rincn Chamula,Rayn,Ixtapa,San Juan Cancuc,Copainal,Oxchuc,Jess Mara Garza,Raudales Malpaso,Pantelh,Chanal,San Francisco Pujiltic,Tapilula,La Concordia,Revolucin Mexicana,Copoya,San Pedro Buenavista,Altamirano,San Fernando,Jiquipilas,Pueblo Nuevo Solistahuacn,Simojovel de Allende,Villa Corzo,El Parral,Bochil,Acala,Venustiano Carranza,Teopisca,Suchiapa,Las Rosas,Las Margaritas,Berriozbal,Tonal,Villaflores,Ocozocoautla de Espinosa,Cintalapa de Figueroa,Chiapa de Corzo,Comitn de Domnguez,San Cristbal de las Casas,Tuxtla Gutirrez, 
Villa Hidalgo,0,196.391,212.948,82.668,168.984,108.35,88.457,129.556,230.418,232.37,78.534,198.761,79.65,35.698,225.916,144.561,49.229,213.932,115.599,11.942,180.285,230.834,176.324,142.732,146.007,63.052,160.494,128.711,157.289,107.876,40.609,36.847,260.481,201.09,145.081,105.151,148.325,149.764,101.237,287.702,161.476,136.671,179.867,202.159,217.304,201.386,111.367,133.957,75.01,77.33,149.496,286.705,46.54,112.572,160.435,191.244,206.32,226.326,242.114,144.96,210.309,154.242,178.646,35.678,162.184,214.05,182.263,144.105,252.001,102.05,51.721,76.132,40.956,226.265,106.329,124.619,218.684,222.279,27,26.681,178.615,93.55,128.145,144.109,61.778,159.674,219.661,99.579,145.631,15.762,86.769,131.67,86.178,201.392,154.662,81.861, 
Kotolte,196.391,0,175.465,231.719,168.938,149.595,237.509,98.443,77.879,37.961,123.451,46.127,228.702,213.315,91.106,221.429,198.002,143.388,120.878,188.114,36.974,114.355,202.388,55.765,136.662,212.104,51.089,154.775,86.745,126.051,190.979,163.366,222.998,6.681,59.19,101.788,54.958,113.033,168.661,125.482,123.993,105.401,309.106,164.676,57.59,200.261,95.031,65.789,132.934,151.517,78.952,249.222,205.473,98.642,119.761,143.571,86.624,188.843,204.631,107.477,15.9,180.306,26.324,186.048,218.199,41.841,70.013,118.089,214.518,251.101,200.065,133.074,210.879,73.631,147.574,201.487,181.201,71.936,211.322,172.619,141.132,112.73,109.786,73.565,145.266,101.121,149.117,147.874,274.87,200.662,159.702,208.539,114.382,130.848,44.472,130.447, 
Carmen Zacatal,212.948,175.465,0,218.683,225.627,136.559,224.473,168.608,41.688,123.9,110.415,150.597,215.666,200.279,13.453,208.393,184.966,183.309,172.242,175.078,74.992,200.211,87.805,83.114,71.747,199.068,70.571,89.861,126.666,164.519,177.943,150.33,70.73,125.679,150.543,144.203,77.898,152.954,155.625,97.951,55.643,175.723,296.07,11.422,169.14,131.933,150.419,139.418,119.898,138.481,118.873,96.954,192.437,151.624,159.682,183.492,41.024,36.575,52.363,85.488,134.898,110.418,130.482,173.012,205.163,85.668,134.099,200.748,62.25,238.065,187.029,120.038,197.843,178.101,134.538,188.451,28.934,32.361,198.286,159.583,34.998,132.601,184.788,113.486,132.23,141.042,189.038,134.838,261.834,187.626,146.666,195.503,101.346,170.769,81.105,117.411, 
El mbar (El mbar de Echeverra),82.668,231.719,218.683,0,202.033,141.4,6.79,162.605,263.468,265.42,111.583,231.811,22.711,87.971,258.966,196.834,101.502,246.981,148.648,78.865,213.335,263.883,209.374,175.782,179.057,22.591,193.544,161.761,190.338,140.925,107.532,103.77,293.531,234.14,178.131,138.2,181.375,182.813,160.466,320.752,194.526,169.72,232.14,235.209,250.354,207.247,144.416,167.007,116.745,110.379,182.545,319.755,98.813,145.621,193.484,224.293,239.37,259.376,275.164,178.01,243.359,187.292,211.696,102.601,210.004,247.1,215.313,177.154,285.051,19.382,31.863,117.867,42.422,259.315,139.379,176.892,251.734,255.329,56.541,64.113,211.665,126.599,161.194,177.158,103.514,192.723,252.71,139.679,197.904,67.419,151.507,183.943,119.228,234.441,187.712,122.252, 
San Vicente la Mesilla,168.984,168.938,225.627,202.033,0,170.002,225.579,68.823,276.697,198.082,140.636,174.881,216.772,200.344,272.195,241.836,218.409,52.088,54.387,183.629,157.975,74.329,237.976,139.527,220.424,200.174,138.184,190.363,56.827,61.534,186.494,158.881,306.76,173.454,142.952,89.175,142.312,30.274,189.068,333.981,207.755,61.27,329.513,248.438,193.424,235.849,93.015,149.551,153.341,109.506,63.525,332.984,225.88,96.596,25.44,25.746,252.599,272.605,288.393,191.239,182.673,215.894,154.767,181.563,238.606,185.698,158.383,25.553,298.28,239.171,188.135,153.481,198.949,111.095,167.981,221.894,264.963,268.558,213.068,160.689,224.894,93.794,43.723,96.622,144.786,43.517,59.623,168.281,295.277,196.177,180.109,228.946,134.789,39.276,128.234,150.854, 
El Progreso,108.35,149.595,136.559,141.4,170.002,0,147.804,113.528,135.541,184.11,33.746,150.502,138.997,91.642,131.038,99.756,76.329,183.213,100.081,90.816,132.025,200.115,72.931,94.472,42.614,122.399,112.234,25.318,126.57,92.358,93.681,66.068,165.603,152.83,96.821,89.124,100.065,134.246,46.988,192.824,58.906,120.643,187.433,107.281,169.045,70.804,95.339,85.697,28.743,61.812,118.778,117.051,83.8,96.545,144.917,183.396,111.443,131.448,147.236,96.7,162.049,50.849,130.387,88.75,96.526,165.79,134.004,128.587,157.123,161.396,110.36,28.882,121.174,178.006,2.37,79.814,123.807,127.402,122.12,82.914,83.737,77.522,112.627,113.39,41.074,140.946,188.942,26.201,153.197,114.559,38.029,86.866,37.918,170.674,106.402,20.757, 
Benito Jurez,88.457,237.509,224.473,6.79,225.579,147.804,0,168.395,269.258,271.21,117.373,237.601,28.501,93.761,264.756,202.624,107.292,252.771,154.438,84.655,219.125,269.673,215.164,181.572,184.847,28.381,199.334,167.551,196.128,146.715,113.322,109.56,299.321,239.93,183.921,143.99,187.165,188.603,166.256,326.542,200.316,175.51,237.93,240.999,256.144,213.037,150.206,172.797,122.535,116.169,188.335,325.545,104.603,151.411,199.274,230.083,245.16,265.166,280.954,183.8,249.149,193.082,217.486,108.391,215.794,252.89,221.103,182.944,290.841,26.173,37.653,123.657,48.212,265.105,145.169,182.682,257.524,261.119,62.331,69.903,217.455,132.389,166.984,182.948,109.304,198.513,258.5,145.469,203.694,73.209,157.297,189.733,125.018,240.231,193.502,128.042, 
Nuevo Len,129.556,98.443,168.608,162.605,68.823,113.528,168.395,0,206.598,127.983,83.687,104.782,159.823,143.395,202.096,184.887,161.46,92.971,35.309,126.68,87.876,109.874,181.027,69.428,150.325,143.225,68.085,133.414,36.329,27.586,129.545,101.932,236.661,103.355,72.853,28.886,72.213,48.938,132.119,263.882,137.656,7.483,272.564,178.339,123.325,178.9,27.658,79.452,96.392,52.557,28.536,262.885,168.931,36.307,59.609,93.154,182.5,202.506,218.294,121.14,112.574,158.945,84.668,124.614,181.657,115.599,88.284,43.279,228.181,182.222,131.186,96.532,142,132.286,111.032,164.945,194.864,198.459,156.119,103.74,154.795,36.846,24.619,26.145,87.837,41.685,98.7,111.332,238.328,139.228,123.16,171.997,77.84,80.432,58.135,93.905, 
Huitiupn,230.418,77.879,41.688,263.468,276.697,135.541,269.258,206.598,0,97.701,127.886,122.613,233.137,217.75,28.716,225.864,202.437,200.711,189.713,192.549,70.743,217.613,100.691,100.516,89.219,216.539,87.973,107.333,144.068,181.99,195.414,167.801,83.616,83.167,103.71,161.674,95.3,170.356,173.096,47.603,73.114,193.194,313.541,54.334,117.33,144.819,167.89,156.889,137.369,155.952,136.275,109.84,209.908,169.095,177.084,200.894,24.235,49.461,65.249,102.96,92.856,123.304,102.81,190.483,222.634,59.469,140.562,218.219,75.136,255.536,204.5,137.509,215.314,159.569,152.009,205.922,41.819,9.547,215.757,177.054,52.47,150.072,202.259,130.888,149.701,158.444,206.44,152.309,279.305,205.097,164.137,212.974,118.817,188.171,98.507,134.882, 
Guaquitepec,232.37,37.961,123.9,265.42,198.082,184.11,271.21,127.983,97.701,0,159.43,56.956,264.681,249.294,110.926,257.408,233.981,132.145,150.512,224.093,72.249,105.64,185.898,91.744,172.641,248.083,87.068,190.754,116.379,155.685,226.958,199.345,168.823,35.808,95.169,131.422,90.937,142.667,204.64,145.302,159.972,135.035,345.085,136.199,19.629,236.24,124.665,101.768,168.913,158.075,108.586,195.047,241.452,128.276,149.395,173.205,106.444,134.668,150.456,143.456,22.641,216.285,43.482,222.027,254.178,38.257,100.554,147.723,160.343,287.08,236.044,169.053,246.858,61.868,183.553,237.466,127.026,91.756,247.301,208.598,177.111,142.364,139.42,103.199,181.245,130.755,125.864,183.853,310.849,236.641,195.681,244.518,150.361,160.483,80.451,166.426, 
Jardnes del Grijalva,78.534,123.451,110.415,111.583,140.636,33.746,117.373,83.687,127.886,159.43,0,122.13,112.524,95.439,149.285,103.553,80.126,154.841,88.792,71.936,103.654,171.743,99.693,66.101,69.376,95.926,83.863,52.08,98.198,81.069,74.801,47.188,183.85,124.459,68.45,60.753,71.694,122.957,50.785,211.071,84.845,92.272,191.23,125.528,140.673,97.566,66.968,57.326,15.058,35.339,90.406,210.074,87.597,68.174,131.214,155.024,129.689,149.695,165.483,68.329,133.678,77.611,102.015,69.87,100.323,137.419,105.632,117.298,175.37,134.923,83.887,15.198,94.701,149.634,29.698,83.611,142.053,145.648,95.144,56.441,101.984,49.151,101.338,85.018,27.39,112.574,160.57,29.998,156.994,84.484,41.826,90.663,9.547,142.302,78.031,12.571, 
Abasolo,198.761,46.127,150.597,231.811,174.881,150.502,237.601,104.782,122.613,56.956,122.13,0,253.857,238.47,213.588,246.584,223.157,149.071,126.561,213.269,90.556,69.709,227.543,80.92,161.817,237.259,79.577,179.93,92.428,131.734,216.134,188.521,248.153,38.463,84.345,107.471,83.705,118.716,193.816,168.284,149.148,111.084,334.261,189.831,19.162,225.416,100.714,90.944,158.089,134.124,84.635,274.377,230.628,104.325,125.444,149.254,193.992,213.998,229.786,132.632,41.761,205.461,19.888,211.203,243.354,72.713,63.583,123.772,239.673,276.256,225.22,158.229,236.034,28.985,172.729,226.642,206.356,114.738,236.477,197.774,166.287,118.413,115.469,79.248,170.421,106.804,89.932,173.029,300.025,225.817,184.857,233.694,139.537,136.532,69.627,155.602, 
Nuevo Vicente Guerrero,79.65,228.702,215.666,22.711,216.772,138.997,28.501,159.823,233.137,264.681,112.524,253.857,0,84.894,255.889,193.757,98.425,243.904,145.571,75.788,210.258,260.806,206.297,172.705,175.98,19.514,190.467,158.684,187.261,137.848,104.455,100.693,290.454,231.063,175.054,135.123,178.298,179.736,157.389,317.675,191.449,166.643,229.063,232.132,247.277,204.17,141.339,163.93,113.668,107.302,179.468,316.678,95.736,142.544,190.407,221.216,236.293,256.299,272.087,174.933,240.282,184.215,208.619,99.524,206.927,244.023,212.236,174.077,281.974,42.033,28.786,114.79,39.345,256.238,136.302,173.815,248.657,252.252,53.464,61.036,208.588,123.522,158.117,174.081,100.437,189.646,249.633,136.602,194.827,64.342,148.43,180.866,116.151,231.364,184.635,119.175, 
Doctor Domingo Chanona,35.698,213.315,200.279,87.971,200.344,91.642,93.761,143.395,217.75,249.294,95.439,238.47,84.894,0,241.377,110.773,15.441,246.934,129.07,28.49,195.746,263.836,159.732,158.193,129.415,68.44,175.955,112.119,190.291,121.347,23.953,41.694,275.942,216.551,160.542,118.623,163.786,163.235,67.449,303.163,145.707,150.143,144.541,217.62,232.766,167.598,124.839,149.418,79.856,90.801,182.499,203.852,12.752,126.044,173.906,247.117,221.781,241.787,257.575,160.421,225.77,137.65,194.108,21.258,128.396,229.511,197.725,157.576,267.462,107.438,57.109,80.978,46.344,241.727,89.738,90.831,234.145,237.74,32.388,62.186,194.076,107.022,141.616,177.111,66.625,173.145,252.663,72.516,110.305,24.827,52.981,97.882,101.639,234.395,170.123,83.415, 
San Andrs Duraznal,225.916,91.106,13.453,258.966,272.195,131.038,264.756,202.096,28.716,110.926,149.285,213.588,255.889,241.377,0,221.363,197.936,196.279,185.212,188.048,83.755,213.181,100.775,96.084,84.717,212.038,83.541,102.831,139.636,177.489,190.913,163.3,83.7,96.179,163.513,157.173,90.868,165.924,168.595,76.104,68.613,188.693,309.04,24.392,130.342,144.903,163.389,152.388,132.868,151.451,131.843,109.924,205.407,164.594,172.652,196.462,35.144,49.545,65.333,98.458,105.868,123.388,143.452,185.982,218.133,72.481,147.069,213.718,75.22,251.035,199.999,133.008,210.813,191.071,147.508,201.421,41.904,19.174,211.256,172.553,47.968,145.571,197.758,126.456,145.2,154.012,202.008,147.808,274.804,200.596,159.636,208.473,114.316,183.739,94.075,130.381, 
Lzaro Crdenas,144.561,221.429,208.393,196.834,241.836,99.756,202.624,184.887,225.864,257.408,103.553,246.584,193.757,110.773,221.363,0,106.462,266.07,182.938,125.937,214.882,282.972,178.868,177.329,148.551,165.886,195.091,131.255,209.427,175.215,121.399,147.863,295.078,235.687,179.678,171.981,182.922,217.103,83.262,322.299,164.843,203.5,110.642,236.756,251.902,186.734,178.196,168.554,110.538,144.669,201.635,222.988,113.932,179.402,227.774,266.253,240.917,260.923,276.711,179.557,244.906,156.786,213.244,118.704,147.532,248.647,216.861,211.444,286.598,204.884,154.555,110.677,143.79,260.863,108.874,33.474,253.281,256.876,129.834,165.771,213.212,160.379,195.484,196.247,122.869,223.803,271.799,91.652,76.406,122.273,70.851,23.93,120.775,253.531,189.259,102.551, 
Nuevo Mxico,49.229,198.002,184.966,101.502,218.409,76.329,107.292,161.46,202.437,233.981,80.126,223.157,98.425,15.441,197.936,106.462,0,231.621,148.489,42.021,180.433,248.523,144.419,142.88,114.102,81.971,160.642,96.806,174.978,140.766,30.879,55.226,260.629,201.238,145.229,137.532,148.473,182.654,52.136,287.85,130.394,169.051,153.068,202.307,217.453,152.285,143.747,134.105,76.089,110.22,167.186,188.539,7.599,144.953,193.325,231.804,206.468,226.474,242.262,145.108,210.457,122.337,178.795,28.184,113.083,214.198,182.412,176.995,252.149,120.969,70.64,76.228,59.875,226.414,74.425,75.518,218.832,222.427,45.919,75.717,178.763,125.93,161.035,161.798,80.157,189.354,237.35,57.203,118.832,38.358,37.668,82.569,86.326,219.082,154.81,68.102, 
La Independencia,213.932,143.388,183.309,246.981,52.088,183.213,252.771,92.971,200.711,132.145,154.841,149.071,243.904,246.934,196.279,266.07,231.621,0,103.133,246.717,132.816,33.646,260.991,114.368,195.265,227.749,113.025,213.378,75.86,110.28,249.582,221.969,281.601,148.295,117.793,110.428,117.153,62.499,227.264,308.822,182.596,100.635,367.709,223.279,114.421,258.864,103.671,124.392,191.537,137.081,66.454,307.825,264.076,107.282,54.228,26.864,227.44,247.446,263.234,166.08,157.514,238.909,129.608,244.651,276.802,160.539,92.625,74.299,273.121,266.746,215.71,191.677,226.524,70.412,206.177,260.09,239.804,243.399,269.925,188.264,199.735,121.37,92.469,71.462,203.869,51.612,10.583,206.477,333.473,259.265,218.305,267.142,172.985,19.377,103.075,189.05, 
Presidente Echeverra (Laja Tendida),115.599,120.878,172.242,148.648,54.387,100.081,154.438,35.309,189.713,150.512,88.792,126.561,145.571,129.07,185.212,182.938,148.489,103.133,0,130.244,125.712,111.776,184.591,97.409,160.829,146.789,105.921,136.978,58.411,8.149,133.109,105.496,247.165,141.191,99.758,35.79,103.002,35.167,135.683,274.386,148.16,31.464,276.128,188.843,161.161,182.464,39.63,88.633,99.956,56.121,50.961,273.389,172.495,43.211,45.838,76.647,193.004,213.01,228.798,131.644,150.41,162.509,122.504,128.178,185.221,153.435,126.12,29.508,238.685,185.786,134.75,100.096,145.564,170.122,114.596,168.509,205.368,208.963,159.683,107.304,165.299,40.409,13.548,48.57,91.401,45.078,110.525,114.896,241.892,142.792,126.724,175.561,81.404,82.335,95.971,97.469, 
Cuauhtmoc,11.942,188.114,175.078,78.865,183.629,90.816,84.655,126.68,192.549,224.093,71.936,213.269,75.788,28.49,188.048,125.937,42.021,246.717,130.244,0,169.69,237.779,158.474,132.137,128.157,59.334,149.899,110.861,164.234,104.63,28.739,24.977,249.886,190.495,134.486,101.906,137.73,146.518,94.029,277.107,150.881,133.426,172.66,191.564,206.709,156.347,108.122,123.362,63.14,74.084,156.442,276.11,39.332,109.327,157.189,187.998,195.725,215.731,231.519,134.365,199.714,136.392,168.051,23.808,154.976,203.455,171.668,140.859,241.406,98.332,48.003,64.262,37.238,215.67,88.48,117.411,208.089,211.684,23.282,33.099,168.02,90.305,124.899,151.054,49.908,156.428,226.606,87.709,138.424,12.622,79.561,124.462,75.583,208.338,144.067,69.991, 
Chenalh,180.285,36.974,74.992,213.335,157.975,132.025,219.125,87.876,70.743,72.249,103.654,90.556,210.258,195.746,83.755,214.882,180.433,132.816,125.712,169.69,0,149.544,139.601,37.594,118.491,193.933,19.934,136.604,75.999,115.305,172.808,145.195,122.526,41.575,36.39,91.042,27.98,102.287,150.49,117.66,82.984,94.655,290.935,64.204,91.881,182.09,84.285,47.618,114.763,133.346,68.206,148.75,187.302,87.896,109.015,132.825,68.295,88.371,104.16,89.306,50.794,162.135,70.923,167.877,200.028,34.019,83.432,107.343,114.046,232.93,181.894,114.903,192.708,118.542,129.403,183.316,80.73,64.114,193.151,154.448,62.34,101.584,99.04,62.819,127.095,90.375,138.371,129.703,256.699,182.491,141.531,190.368,96.211,120.102,30.438,112.276, 
Plan de Ayala,230.834,114.355,200.211,263.883,74.329,200.115,269.673,109.874,217.613,105.64,171.743,69.709,260.806,263.836,213.181,282.972,248.523,33.646,111.776,237.779,149.544,0,277.511,130.888,211.785,244.269,129.545,229.898,92.38,118.568,266.102,238.489,298.121,107.208,134.313,126.948,133.673,79.019,243.784,325.342,199.116,117.155,384.229,239.799,87.906,275.384,120.191,140.912,208.057,153.601,82.974,324.345,280.596,123.802,70.748,48.619,243.96,263.966,279.754,182.6,110.506,255.429,88.633,261.171,293.322,177.059,66.11,96.054,289.641,283.266,232.23,208.197,243.044,43.898,222.697,276.61,256.324,259.919,286.445,204.784,216.255,137.89,100.757,87.982,220.389,68.132,21.663,222.997,349.993,275.785,234.825,283.662,189.505,35.897,119.595,205.57, 
Coapilla,176.324,202.388,87.805,209.374,237.976,72.931,215.164,181.027,100.691,185.898,99.693,227.543,206.297,159.732,100.775,178.868,144.419,260.991,184.591,158.474,139.601,277.511,0,162.222,66.008,190.149,133.859,47.557,189.954,160.108,161.431,133.818,53.058,188.967,164.571,156.874,141.186,201.996,114.738,101.24,82.3,188.393,255.183,74.666,232.428,44.556,163.089,153.447,96.493,129.562,182.161,44.84,151.55,164.295,222.97,246.78,104.312,49.909,36.21,112.189,198.186,23.04,193.77,156.5,93.681,172.045,197.387,196.337,44.578,229.146,178.11,96.632,188.924,241.389,70.851,147.564,57.55,120.271,189.87,150.664,98.286,145.272,180.377,176.774,108.824,204.33,252.326,93.951,220.947,182.309,105.779,154.616,105.668,234.057,144.393,88.507, 
Nachig,142.732,55.765,83.114,175.782,139.527,94.472,181.572,69.428,100.516,91.744,66.101,80.92,172.705,158.193,96.084,177.329,142.88,114.368,97.409,132.137,37.594,130.888,162.222,0,80.897,156.339,17.762,99.01,57.491,95.908,135.214,107.601,167.233,58.358,4.91,72.534,5.593,83.779,112.896,194.454,68.228,76.147,253.341,108.911,99.965,144.496,65.777,10.024,77.169,95.752,49.698,193.457,149.708,69.388,90.507,114.316,113.072,133.078,148.866,51.712,67.577,124.541,61.307,130.283,162.434,71.318,64.924,88.835,158.753,195.336,144.3,77.309,155.114,108.926,91.809,145.722,125.436,129.031,155.557,116.854,85.367,63.99,80.532,44.311,89.501,71.867,119.863,92.109,219.105,144.897,103.937,152.774,58.617,101.594,11.93,74.682, 
Francisco Sarabia,146.007,136.662,71.747,179.057,220.424,42.614,184.847,150.325,89.219,172.641,69.376,161.817,175.98,129.415,84.717,148.551,114.102,195.265,160.829,128.157,118.491,211.785,66.008,80.897,0,160.266,86.407,18.618,166.882,125.717,139.141,111.528,123.494,167.749,111.741,105.401,114.985,167.606,84.644,150.715,16.797,136.921,225.089,65.172,209.356,64.104,111.617,100.616,81.096,99.679,159.09,149.718,121.456,112.822,178.276,223.708,69.334,89.339,105.127,46.686,176.968,44.149,170.698,134.21,134.182,137.067,174.315,161.946,115.014,199.263,148.227,81.236,159.041,218.317,40.757,117.47,81.698,85.293,159.484,120.781,41.628,93.799,145.986,153.702,93.428,181.258,229.254,63.857,190.853,148.824,75.685,124.522,62.544,210.986,121.322,78.609, 
Valle Morelos,63.052,212.104,199.068,22.591,200.174,122.399,28.381,143.225,216.539,248.083,95.926,237.259,19.514,68.44,212.038,165.886,81.971,227.749,146.789,59.334,193.933,244.269,190.149,156.339,160.266,0,173.928,142.145,170.723,121.31,87.917,84.155,273.915,214.524,158.515,118.585,161.759,163.198,140.85,301.136,174.91,150.105,212.525,215.593,230.738,187.631,124.801,147.391,97.13,90.764,162.93,300.139,79.198,126.006,173.869,204.678,219.754,239.76,255.548,158.394,223.743,167.676,192.08,82.986,190.388,227.484,195.697,157.539,265.435,41.974,12.248,98.252,22.807,239.699,119.763,157.277,232.118,235.713,36.926,44.497,192.049,106.984,141.579,157.543,83.899,173.108,233.095,120.063,178.289,47.804,131.891,164.328,99.612,214.826,168.096,102.636, 
Chamula,160.494,51.089,70.571,193.544,138.184,112.234,199.334,68.085,87.973,87.068,83.863,79.577,190.467,175.955,83.541,195.091,160.642,113.025,105.921,149.899,19.934,129.545,133.859,17.762,86.407,173.928,0,116.761,56.156,95.462,152.965,125.352,118.097,55.787,16.539,71.199,8.129,82.444,130.647,145.319,85.979,74.812,271.092,59.775,98.63,162.247,64.442,27.775,94.92,113.503,48.363,144.321,167.459,68.053,89.172,112.982,63.866,83.942,99.731,69.463,65.006,142.292,59.972,148.034,180.185,53.69,63.589,87.5,109.617,213.087,162.051,95.06,172.865,107.591,109.56,163.473,76.301,79.826,173.308,134.605,51.42,81.741,79.197,42.976,107.252,70.532,118.528,109.86,236.856,162.648,121.688,170.525,76.368,100.259,10.595,92.433, 
Chicoasn,128.711,154.775,89.861,161.761,190.363,25.318,167.551,133.414,107.333,190.754,52.08,179.93,158.684,112.119,102.831,131.255,96.806,213.378,136.978,110.861,136.604,229.898,47.557,99.01,18.618,142.145,116.761,0,146.93,112.718,114.041,86.428,141.607,173.19,117.181,109.484,120.425,154.606,67.348,168.828,34.91,141.003,207.793,83.285,189.405,45.653,115.699,106.057,49.103,82.172,139.138,91.901,104.16,116.905,165.277,203.756,87.447,107.452,123.24,64.799,182.409,25.699,150.747,109.11,116.886,155.18,154.364,148.947,133.127,181.756,130.72,49.242,141.534,198.366,23.461,100.174,99.811,103.406,142.48,103.274,59.741,97.882,132.987,133.75,61.434,161.306,209.302,46.561,173.557,134.919,58.389,107.226,58.278,191.034,126.762,41.117, 
Aguacatenango,157.289,86.745,126.666,190.338,56.827,126.57,196.128,36.329,144.068,116.379,98.198,92.428,187.261,190.291,139.636,209.427,174.978,75.86,58.411,164.234,75.999,92.38,189.954,57.491,166.882,170.723,56.156,146.93,0,65.631,192.497,164.884,224.516,91.21,60.708,53.343,60.068,27.905,170.179,251.737,125.511,43.551,310.624,166.194,111.18,201.779,46.586,67.307,134.452,79.996,8.244,250.74,206.991,50.197,34.633,75.601,170.355,190.361,206.149,108.995,100.429,181.824,72.523,187.566,219.717,103.454,76.139,32.961,216.036,209.661,158.625,134.592,169.439,120.141,149.092,203.005,182.719,186.314,212.84,131.179,142.65,64.285,47.82,14.378,146.784,15.993,81.147,149.392,276.388,202.18,161.22,210.057,115.9,62.879,45.99,131.965, 
Ricardo Flores Magn,107.876,126.051,164.519,140.925,61.534,92.358,146.715,27.586,181.99,155.685,81.069,131.734,137.848,121.347,177.489,175.215,140.766,110.28,8.149,104.63,115.305,118.568,160.108,95.908,125.717,121.31,95.462,112.718,65.631,0,125.386,97.773,239.442,133.468,92.035,28.067,95.279,42.696,127.96,266.663,140.437,23.741,268.405,181.12,153.438,174.741,31.907,80.91,92.233,48.398,70.036,265.666,164.772,35.488,53.367,84.176,185.281,205.287,221.075,123.921,142.687,154.786,114.781,120.455,177.498,145.712,118.397,37.037,230.962,178.063,127.027,92.373,137.841,162.399,106.873,160.786,197.645,201.24,151.96,99.581,157.576,32.686,21.077,64.649,83.678,52.607,118.054,107.173,234.169,135.069,119.001,167.838,73.681,89.864,88.248,89.746, 
Benito Jurez,40.609,190.979,177.943,107.532,186.494,93.681,113.322,129.545,195.414,226.958,74.801,216.134,104.455,23.953,190.913,121.399,30.879,249.582,133.109,28.739,172.808,266.102,161.431,135.214,139.141,87.917,152.965,114.041,192.497,125.386,0,38.443,263.352,203.961,147.952,115.372,151.196,159.984,92.04,290.573,164.347,146.892,170.671,205.03,220.175,192.189,121.588,136.828,76.605,87.55,169.908,289.576,37.343,122.793,170.655,201.464,209.191,229.197,244.985,147.831,213.18,149.858,181.517,5.222,152.987,216.921,185.134,154.325,254.872,114.466,64.137,77.728,53.372,229.136,101.946,115.422,221.555,225.15,39.416,69.214,181.486,103.771,138.365,164.52,63.374,169.894,240.072,97.107,136.435,31.855,77.572,122.473,89.049,221.804,157.533,83.457, 
Guadalupe Victoria (Lzaro Crdenas),36.847,163.366,150.33,103.77,158.881,66.068,109.56,101.932,167.801,199.345,47.188,188.521,100.693,41.694,163.3,147.863,55.226,221.969,105.496,24.977,145.195,238.489,133.818,107.601,111.528,84.155,125.352,86.428,164.884,97.773,38.443,0,225.14,165.749,109.74,77.16,112.984,121.772,83.75,252.361,126.135,108.68,185.864,166.818,181.963,131.601,83.376,98.616,38.394,49.338,131.696,251.364,52.536,84.581,132.443,163.252,170.979,190.985,206.773,109.619,174.968,111.646,143.305,22.913,133.288,178.709,146.922,116.113,216.66,123.237,72.908,39.516,62.143,190.924,63.734,116.577,183.343,186.938,48.187,58.472,143.274,65.559,100.153,126.308,25.162,131.682,201.86,62.963,151.628,37.527,74.791,123.629,50.837,183.592,119.321,45.245, 
Ixhuatn,260.481,222.998,70.73,293.531,306.76,165.603,299.321,236.661,83.616,168.823,183.85,248.153,290.454,275.942,83.7,295.078,260.629,281.601,247.165,249.886,122.526,298.121,53.058,167.233,123.494,273.915,118.097,141.607,224.516,239.442,263.352,225.14,0,173.213,198.077,191.737,125.432,200.488,203.159,48.129,103.177,223.257,343.604,58.912,216.674,97.233,197.953,186.952,167.432,186.015,166.407,62.254,239.971,199.158,207.216,231.026,88.558,34.155,18.463,133.022,182.432,75.718,178.016,220.546,146.358,156.291,181.633,248.282,8.48,285.599,234.563,167.572,245.377,225.635,123.528,235.985,41.796,104.517,245.82,207.117,82.532,180.135,232.322,161.02,179.764,188.576,236.572,182.372,309.368,235.16,194.2,243.037,148.88,218.303,128.639,164.945, 
Yoshib,201.09,6.681,125.679,234.14,173.454,152.83,239.93,103.355,83.167,35.808,124.459,38.463,231.063,216.551,96.179,235.687,201.238,148.295,141.191,190.495,41.575,107.208,188.967,58.358,167.749,214.524,55.787,173.19,91.21,133.468,203.961,165.749,173.213,0,63.889,106.487,59.657,117.732,173.36,130.181,128.692,110.1,313.805,169.375,55.437,204.96,99.73,70.488,137.633,156.216,83.651,253.921,210.172,103.341,124.46,148.27,91.323,193.542,209.33,112.176,13.747,185.005,20.003,190.747,222.898,46.58,63.692,122.788,219.217,255.8,204.764,137.773,215.578,67.31,152.273,206.186,185.9,76.635,216.021,177.318,145.831,117.429,114.485,78.264,149.965,105.82,153.816,152.573,279.569,205.361,164.401,213.238,119.081,135.547,49.171,135.146, 
Past,145.081,59.19,150.543,178.131,142.952,96.821,183.921,72.853,103.71,95.169,68.45,84.345,175.054,160.542,163.513,179.678,145.229,117.793,99.758,134.486,36.39,134.313,164.571,4.91,111.741,158.515,16.539,117.181,60.708,92.035,147.952,109.74,198.077,63.889,0,76.063,8.786,87.308,116.339,197.897,71.671,79.676,256.784,112.354,103.494,147.939,69.306,13.467,80.612,99.195,53.227,196.9,153.151,72.917,94.036,117.845,116.515,136.521,152.309,55.155,71.106,127.984,64.836,133.726,165.877,74.847,68.453,92.364,162.196,198.779,147.743,80.752,158.557,112.455,95.252,149.165,128.879,132.474,159,120.297,88.81,67.433,84.061,47.839,92.944,75.396,123.391,95.552,222.548,148.34,107.38,156.217,62.06,105.123,15.459,78.125, 
Chiapilla,105.151,101.788,144.203,138.2,89.175,89.124,143.99,28.886,161.674,131.422,60.753,107.471,135.123,118.623,157.173,171.981,137.532,110.428,35.79,101.906,91.042,126.948,156.874,72.534,105.401,118.585,71.199,109.484,53.343,28.067,115.372,77.16,191.737,106.487,76.063,0,74.963,69.955,107.643,246.346,120.12,39.27,248.088,160.803,129.175,154.424,7.644,60.594,71.916,28.081,45.773,245.349,144.455,7.557,80.626,110.392,164.964,184.97,200.758,103.604,118.424,134.469,90.518,100.138,157.181,121.449,94.134,64.296,210.645,157.746,106.71,72.056,117.524,138.136,86.556,140.469,177.328,180.923,131.643,79.264,137.259,12.37,48.336,40.386,63.361,67.942,115.938,86.856,213.852,114.752,98.684,147.521,53.364,97.669,63.985,69.429, 
Zinacantn,148.325,54.958,77.898,181.375,142.312,100.065,187.165,72.213,95.3,90.937,71.694,83.705,178.298,163.786,90.868,182.922,148.473,117.153,103.002,137.73,27.98,133.673,141.186,5.593,114.985,161.759,8.129,120.425,60.068,95.279,151.196,112.984,125.432,59.657,8.786,74.963,0,85.05,118.488,200.046,73.82,77.418,258.933,114.503,101.236,150.088,67.048,15.616,82.761,101.344,50.969,199.049,155.3,70.659,91.778,115.588,118.664,138.67,154.458,57.304,66.994,130.133,62.578,135.875,168.026,62.058,66.195,90.106,164.345,200.928,149.892,82.901,160.706,110.197,97.401,151.314,131.028,134.623,161.149,122.446,90.959,69.582,81.803,45.582,95.093,73.138,121.134,97.701,224.697,150.489,109.529,158.366,64.209,102.865,13.201,80.274, 
Soyatitn,149.764,113.033,152.954,182.813,30.274,134.246,188.603,48.938,170.356,142.667,122.957,118.716,179.736,163.235,165.924,217.103,182.654,62.499,35.167,146.518,102.287,79.019,201.996,83.779,167.606,163.198,82.444,154.606,27.905,42.696,159.984,121.772,200.488,117.732,87.308,69.955,85.05,0,169.848,278.022,151.796,42.05,310.293,192.479,137.465,216.629,73.795,93.592,134.121,90.286,34.529,277.025,206.66,77.376,11.113,35.725,196.64,216.646,232.434,135.28,126.714,196.674,98.808,162.343,219.386,129.739,102.424,6.333,242.321,219.951,168.915,134.261,179.729,116.161,148.761,202.674,209.004,212.599,193.848,141.469,168.935,74.574,24.503,40.663,125.566,14.498,68.222,149.061,276.057,176.957,160.889,209.726,115.569,49.954,72.275,131.634, 
Ocuilapa de Jurez,101.237,168.661,155.625,160.466,189.068,46.988,166.256,132.119,173.096,204.64,50.785,193.816,157.389,67.449,168.595,83.262,52.136,227.264,135.683,94.029,150.49,243.784,114.738,112.896,84.644,140.85,130.647,67.348,170.179,127.96,92.04,83.75,203.159,173.36,116.339,107.643,118.488,169.848,0,252.83,101.008,139.665,174.367,172.921,188.067,92.952,114.361,104.719,46.703,80.834,137.8,159.153,70.735,115.567,163.939,202.418,177.082,197.088,212.876,115.722,181.071,92.951,149.409,106.71,53.75,184.812,153.026,147.609,222.763,180.418,129.382,46.842,123.011,197.028,45.039,52.295,189.446,193.041,109.055,101.936,149.377,96.544,131.649,132.412,59.034,159.968,207.964,27.818,140.131,101.494,15.434,59.347,56.94,189.696,125.424,38.716, 
Amatn,287.702,125.482,97.951,320.752,333.981,192.824,326.542,263.882,47.603,145.302,211.071,168.284,317.675,303.163,76.104,322.299,287.85,308.822,274.386,277.107,117.66,325.342,101.24,194.454,150.715,301.136,145.319,168.828,251.737,266.663,290.573,252.361,48.129,130.181,197.897,246.346,200.046,278.022,252.83,0,131.044,251.124,371.471,86.779,164.933,145.415,225.82,214.819,195.299,213.882,183.878,110.436,267.838,227.025,224.687,248.497,71.838,82.337,66.644,160.889,140.459,123.9,150.413,248.413,203.554,107.072,188.165,276.149,56.662,313.466,262.43,195.439,273.244,199.892,209.939,263.852,70.556,57.15,273.687,234.984,110.399,208.002,260.189,178.491,207.631,206.047,254.043,210.239,337.235,263.027,222.067,270.904,176.747,235.774,146.11,192.812, 
Soyal,161.476,123.993,55.643,194.526,207.755,58.906,200.316,137.656,73.114,159.972,84.845,149.148,191.449,145.707,68.613,164.843,130.394,182.596,148.16,150.881,82.984,199.116,82.3,68.228,16.797,174.91,85.979,34.91,125.511,140.437,164.347,126.135,103.177,128.692,71.671,120.12,73.82,151.796,101.008,131.044,0,120.501,240.848,52.503,192.936,80.396,95.197,84.196,64.676,83.259,142.67,137.049,137.215,96.402,161.856,207.288,56.665,76.67,92.458,30.266,160.548,60.441,154.278,117.79,149.941,124.398,157.895,145.526,102.345,182.843,131.807,64.816,142.621,201.897,79.316,133.229,69.029,72.624,143.064,104.361,28.959,77.379,129.566,137.282,77.008,164.838,212.834,79.616,206.612,132.404,91.444,140.281,46.124,194.566,104.902,62.189, 
Nicols Ruz,136.671,105.401,175.723,169.72,61.27,120.643,175.51,7.483,193.194,135.035,92.272,111.084,166.643,150.143,188.693,203.5,169.051,100.635,31.464,133.426,94.655,117.155,188.393,76.147,136.921,150.105,74.812,141.003,43.551,23.741,146.892,108.68,223.257,110.1,79.676,39.27,77.418,42.05,139.665,251.124,120.501,0,279.511,192.226,130.234,185.847,43.013,92.016,103.339,51.174,35.445,276.772,175.878,46.594,52.126,82.935,196.387,216.393,232.181,135.027,119.483,165.892,91.577,123.231,188.604,122.508,95.193,35.796,242.068,180.839,129.803,103.479,140.617,139.195,117.979,171.892,208.751,212.346,154.736,102.357,168.682,43.792,17.136,33.054,86.454,51.365,105.609,118.279,245.275,137.845,130.107,178.944,84.787,87.341,65.044,100.852, 
Tres Picos,179.867,309.106,296.07,232.14,329.513,187.433,237.93,272.564,313.541,345.085,191.23,334.261,229.063,144.541,309.04,110.642,153.068,367.709,276.128,172.66,290.935,384.229,255.183,253.341,225.089,212.525,271.092,207.793,310.624,268.405,170.671,185.864,343.604,313.805,256.784,248.088,258.933,310.293,174.367,371.471,240.848,279.511,0,314.519,329.665,264.498,255.959,246.317,188.301,222.432,279.398,300.751,197.192,257.165,305.537,363.098,318.68,338.686,354.474,257.32,322.669,234.549,291.007,217.777,225.296,326.41,294.624,289.207,364.361,322.016,270.98,188.44,249.468,338.626,186.637,189.724,331.044,334.639,235.512,243.534,290.975,238.142,273.247,274.01,200.632,301.566,375.695,169.416,37.935,227.951,155.357,180.18,198.538,356.208,267.022,180.314, 
Jitotol,202.159,164.676,11.422,235.209,248.438,107.281,240.999,178.339,54.334,136.199,125.528,189.831,232.132,217.62,24.392,236.756,202.307,223.279,188.843,191.564,64.204,239.799,74.666,108.911,65.172,215.593,59.775,83.285,166.194,181.12,205.03,166.818,58.912,169.375,112.354,160.803,114.503,192.479,172.921,86.779,52.503,192.226,314.519,0,158.51,120.199,139.789,128.788,109.268,127.851,108.243,85.22,181.807,140.994,149.052,172.862,30.394,24.841,40.629,74.858,124.268,98.684,119.852,162.382,194.533,98.127,123.469,190.118,50.516,227.435,176.399,109.408,187.213,167.471,123.908,177.821,17.2,46.353,187.656,148.953,24.368,121.971,174.158,102.856,121.6,130.412,178.408,124.208,251.204,176.996,136.036,184.873,90.716,160.139,70.475,106.781, 
Tenango,217.304,57.59,169.14,250.354,193.424,169.045,256.144,123.325,117.33,19.629,140.673,19.162,247.277,232.766,130.342,251.902,217.453,114.421,161.161,206.709,91.881,87.906,232.428,99.965,209.356,230.738,98.63,189.405,111.18,153.438,220.175,181.963,216.674,55.437,103.494,129.175,101.236,137.465,188.067,164.933,192.936,130.234,329.665,158.51,0,231.365,106.663,96.893,164.038,140.073,90.584,280.326,236.577,110.274,131.393,155.203,126.155,219.947,235.735,138.581,42.352,211.41,25.837,217.152,249.303,57.968,69.532,129.721,245.622,282.205,231.169,164.178,241.983,64.323,178.678,232.591,212.305,111.467,242.426,203.723,172.236,124.362,121.418,85.197,176.37,112.753,160.749,178.978,305.974,231.766,190.806,239.643,145.486,142.481,75.576,161.551, 
Tecpatn,201.386,200.261,131.933,207.247,235.849,70.804,213.037,178.9,144.819,236.24,97.566,225.416,204.17,167.598,144.903,186.734,152.285,258.864,182.464,156.347,182.09,275.384,44.556,144.496,64.104,187.631,162.247,45.653,201.779,174.741,192.189,131.601,97.233,204.96,147.939,154.424,150.088,216.629,92.952,145.415,80.396,185.847,264.498,120.199,231.365,0,161.323,151.681,94.727,127.796,184.762,89.038,160.74,162.529,210.901,249.38,133.071,94.107,80.408,110.423,228.033,21.57,196.371,154.734,49.111,200.804,199.988,194.571,88.776,227.38,176.344,94.866,187.158,243.99,69.085,156.754,101.748,149.03,199.06,148.898,105.365,143.506,178.611,179.374,107.058,206.93,254.926,92.185,230.136,191.499,114.968,163.806,103.902,236.658,172.386,86.741, 
Totolapa,111.367,95.031,150.419,144.416,93.015,95.339,150.206,27.658,167.89,124.665,66.968,100.714,141.339,124.839,163.389,178.196,143.747,103.671,39.63,108.122,84.285,120.191,163.089,65.777,111.617,124.801,64.442,115.699,46.586,31.907,121.588,83.376,197.953,99.73,69.306,7.644,67.048,73.795,114.361,225.82,95.197,43.013,255.959,139.789,106.663,161.323,0,66.809,78.132,34.297,39.017,251.565,150.671,14.249,84.466,103.636,171.18,191.186,206.974,109.82,111.668,140.685,83.762,106.354,163.397,114.693,87.378,68.136,216.861,163.962,112.926,78.272,123.74,131.38,92.772,146.685,183.544,187.139,137.859,85.48,143.475,18.586,52.176,33.63,69.577,61.186,109.182,93.072,220.068,120.968,104.9,153.737,59.58,90.913,57.229,75.645, 
Navenchauc,133.957,65.789,139.418,167.007,149.551,85.697,172.797,79.452,156.889,101.768,57.326,90.944,163.93,149.418,152.388,168.554,134.105,124.392,88.633,123.362,47.618,140.912,153.447,10.024,100.616,147.391,27.775,106.057,67.307,80.91,136.828,98.616,186.952,70.488,13.467,60.594,15.616,93.592,104.719,214.819,84.196,92.016,246.317,128.788,96.893,151.681,66.809,0,68.529,87.112,59.722,184.817,141.068,79.412,100.531,124.34,104.432,124.438,140.226,43.072,77.601,115.901,71.331,121.643,153.794,81.342,74.948,98.859,150.113,186.696,135.66,68.669,146.474,118.95,83.169,137.082,116.796,120.391,146.917,108.214,76.727,55.35,90.556,54.334,80.861,81.891,129.886,83.469,210.465,136.257,95.297,144.134,49.977,111.618,21.954,66.042, 
El Jobo,75.01,132.934,119.898,116.745,153.341,28.743,122.535,96.392,137.369,168.913,15.058,158.089,113.668,79.856,132.868,110.538,76.089,191.537,99.956,63.14,114.763,208.057,96.493,77.169,81.096,97.13,94.92,49.103,134.452,92.233,76.605,38.394,167.432,137.633,80.612,71.916,82.761,134.121,46.703,195.299,64.676,103.339,188.301,109.268,164.038,94.727,78.132,68.529,0,44.403,101.369,221.036,83.237,79.136,127.508,165.987,140.651,160.657,176.445,79.291,144.64,74.32,112.978,61.076,95.962,148.381,116.595,111.178,186.332,136.139,85.103,2.19,95.917,160.597,26.408,79.251,153.015,156.61,86.35,57.657,112.946,60.113,95.218,95.981,13.4,123.537,171.533,25.637,152.634,75.69,37.465,86.303,20.509,153.265,88.993,7.919, 
20 de Noviembre,77.33,151.517,138.481,110.379,109.506,61.812,116.169,52.557,155.952,158.075,35.339,134.124,107.302,90.801,151.451,144.669,110.22,137.081,56.121,74.084,133.346,153.601,129.562,95.752,99.679,90.764,113.503,82.172,79.996,48.398,87.55,49.338,186.015,156.216,99.195,28.081,101.344,90.286,80.834,213.882,83.259,51.174,222.432,127.851,140.073,127.796,34.297,87.112,44.403,0,72.418,239.552,101.931,35.494,83.357,114.166,159.167,179.173,194.961,97.807,140.606,107.089,117.163,72.308,129.801,144.347,120.779,67.027,204.848,129.916,78.88,44.676,89.694,164.781,59.176,113.089,171.531,175.126,103.813,51.434,131.462,16.472,51.067,67.031,35.531,82.596,142.583,59.476,186.472,86.922,71.304,120.141,39.025,124.314,84.96,42.049, 
Amatenango del Valle,149.496,78.952,118.873,182.545,63.525,118.778,188.335,28.536,136.275,108.586,90.406,84.635,179.468,182.499,131.843,201.635,167.186,66.454,50.961,156.442,68.206,82.974,182.161,49.698,159.09,162.93,48.363,139.138,8.244,70.036,169.908,131.696,166.407,83.651,53.227,45.773,50.969,34.529,137.8,183.878,142.67,35.445,279.398,108.243,90.584,184.762,39.017,59.722,101.369,72.418,0,242.944,199.195,42.401,41.257,66.192,162.559,182.565,198.353,101.199,92.633,174.028,64.727,179.77,211.921,95.658,68.343,39.585,208.24,201.865,150.829,126.796,161.643,112.345,141.296,195.209,174.923,178.518,205.044,123.383,134.854,56.489,40.14,6.582,138.988,22.617,71.738,141.596,268.592,194.384,153.424,202.261,108.104,53.47,38.194,124.169, 
Ocotepec,286.705,249.222,96.954,319.755,332.984,117.051,325.545,262.885,109.84,195.047,210.074,274.377,316.678,203.852,109.924,222.988,188.539,307.825,273.389,276.11,148.75,324.345,44.84,193.457,149.718,300.139,144.321,91.901,250.74,265.666,289.576,251.364,62.254,253.921,196.9,245.349,199.049,277.025,159.153,110.436,137.049,276.772,300.751,85.22,280.326,89.038,251.565,184.817,221.036,239.552,242.944,0,171.189,183.934,232.306,270.785,120.557,66.154,52.455,131.828,249.438,42.68,217.776,176.139,113.32,188.29,221.393,215.976,60.823,248.785,197.749,116.271,208.563,265.395,90.49,167.203,73.795,136.516,209.509,170.303,114.531,164.911,200.016,200.779,128.463,228.335,276.331,113.59,240.586,201.948,125.418,174.255,125.307,258.063,193.791,108.146, 
