LOCALIDADES,Cuautitln de Garca Barragn,El Rincn,Campo Acosta,Cpala,Ixtlahuacn,Rincn de Lpez,El Trapiche,Jos Mara Morelos,El Limn,Tonila,Jaluco,San Marcos,Juchitln,Vista Hermosa (Santa Cruz del Cortijo),Tonaya,Zapotitln de Vadillo,Lo Arado,Madrid,Barra de Navidad,Suchitln,Minatitln,San Gabriel,San Andrs Ixtln,Villa Purificacin,Colonia Bayardo,Tapalpa,Cofrada de Jurez,Pihuamo,San Sebastin del Sur,Ayutla,Usmajac,Coahuayana de Hidalgo,San Patricio (Melaque),Cerro de Ortega,La Huerta,Cuauhtmoc,Quesera,Unin de Tula,Comala,El Colomo,La Resolana,Tecalitln,Coquimatln,Ciudad de Armera,Cihuatln,Tamazula de Gordiano,El Grullo,Zapotiltic,Sayula,Tuxpan,Autln de Navarro,Tecomn,Ciudad Guzmn,Ciudad de Villa de lvarez,Manzanillo,Colima, 
Cuautitln de Garca Barragn,0,179.251,174.961,160.353,138.028,127.527,118.817,162.702,103.044,141.069,86.929,150.988,143.975,185.216,124.934,175.952,45.911,134.336,87.528,121.041,68.904,154.083,197.708,59.993,114.521,167.153,114.753,206.399,193.007,143.568,205.513,157.553,77.856,144.65,35.501,128.396,137.379,113.476,112.234,69.456,43.457,177.042,117.228,109.817,49.652,190.762,101.711,175.566,212.908,165.341,80.149,119.151,182.842,105.983,64.75,111.235, 
El Rincn,179.251,0,324.994,59.612,107.152,132.242,63.139,312.734,106.014,44.594,221.102,45.285,192.468,8.062,83.491,75.211,174.802,104.367,221.701,71.766,128.749,65.717,33.531,188.884,115.674,88.797,119.468,71.957,28.83,223.08,44.51,155.077,222.786,142.174,192.15,57.567,48.614,141.414,78.658,164.581,166.811,36.331,86.284,121.215,207.84,20.207,111.386,6.789,46.534,17.131,129.686,116.675,17.313,75.586,166.125,76.829, 
Campo Acosta,174.961,324.994,0,288.933,242.711,232.21,269.565,13.388,231.624,291.817,121.061,301.736,272.555,335.964,253.514,304.532,174.49,239.019,121.66,280.589,219.746,282.663,348.456,97.168,219.204,295.733,219.436,311.082,343.755,272.148,356.261,262.236,110.55,249.333,143.106,279.144,288.127,242.056,271.782,174.139,172.037,327.79,262.353,214.5,125.507,341.51,230.291,326.314,363.656,316.089,208.729,223.834,333.59,265.531,169.433,263.29, 
Cpala,160.353,59.612,288.933,0,140.42,165.51,96.407,274.774,61.437,77.862,199.001,78.553,127.336,67.089,38.914,15.776,130.225,108.875,199.6,65.59,66.992,21.14,60.908,144.307,148.942,57.591,152.736,98.113,56.207,126.93,68.793,188.345,189.928,175.442,147.573,90.835,81.882,96.837,73.397,197.849,122.234,72.692,90.792,154.483,203.447,79.581,66.809,55.257,63.768,60.992,85.109,149.943,45.564,79.546,199.393,110.097, 
Ixtlahuacn,138.028,107.152,242.711,140.42,0,44.795,43.508,225.287,194.283,65.76,133.655,75.679,278.162,109.907,171.759,103.609,207.146,33.065,134.254,54.533,92.611,153.985,122.399,221.228,28.227,179.863,32.021,85.025,117.698,308.774,130.204,53.367,135.339,40.464,175.762,53.087,62.07,274.711,45.726,77.134,204.692,101.733,36.297,33.768,120.393,115.453,199.655,100.257,137.599,90.032,241.384,29.228,107.533,39.475,78.678,37.233, 
Rincn de Lpez,127.527,132.242,232.21,165.51,44.795,0,73.662,210.738,249.73,95.914,119.106,105.833,290.661,140.061,201.913,112.527,192.597,19.503,119.705,63.451,114.972,184.139,152.553,206.679,21.876,210.017,12.964,115.179,147.852,290.254,160.358,66.333,120.79,53.43,161.213,83.241,92.224,260.162,54.644,62.585,190.143,131.887,37.045,17.851,105.844,145.607,248.397,130.411,167.753,120.186,226.835,27.931,137.687,48.418,64.129,46.963, 
El Trapiche,118.817,63.139,269.565,96.407,43.508,73.662,0,250.107,151.533,23.01,158.475,32.929,235.412,67.157,129.009,70.309,231.966,41.74,159.074,24.838,66.122,111.235,79.649,246.048,53.047,137.113,56.841,62.294,74.948,266.024,87.454,92.45,160.159,79.547,200.582,10.337,19.32,186.933,16.031,101.954,229.512,58.983,23.657,58.588,145.213,72.703,156.905,57.507,94.849,47.282,175.205,54.048,64.783,12.959,103.498,14.202, 
Jos Mara Morelos,162.702,312.734,13.388,274.774,225.287,210.738,250.107,0,219.364,279.557,108.801,289.476,260.295,323.704,241.254,292.272,162.23,226.759,109.4,268.329,207.486,270.403,336.196,84.908,206.944,283.473,207.176,298.822,331.495,259.888,344.001,249.976,98.29,237.073,130.846,266.884,275.867,229.796,259.522,161.879,159.777,315.53,250.093,202.24,113.247,329.25,218.031,314.054,351.396,303.829,196.469,211.574,321.33,253.271,157.173,251.03, 
El Limn,103.044,106.014,231.624,61.437,194.283,249.73,151.533,219.364,0,124.265,141.693,124.956,70.028,113.493,26.02,77.038,72.917,184.038,142.292,126.852,97.341,55.169,107.312,86.999,195.345,68.239,199.139,144.516,102.611,69.622,105.602,234.748,132.62,221.845,90.265,137.238,128.285,39.529,134.659,194.771,64.926,119.095,165.955,235.132,146.139,125.985,9.501,101.661,97.796,107.395,27.801,196.346,91.968,155.257,190.065,156.5, 
Tonila,141.069,44.594,291.817,77.862,65.76,95.914,23.01,279.557,124.265,0,180.064,10.339,217.834,49.579,111.431,64.987,253.555,63.329,180.663,27.718,87.711,93.657,62.071,267.637,74.636,119.535,78.43,37.869,57.37,248.446,69.876,114.039,181.748,101.136,222.171,13.129,4.566,169.355,37.62,123.543,251.101,41.405,45.246,80.177,166.802,55.125,139.327,39.929,77.271,29.704,157.627,75.637,47.205,34.548,125.087,35.791, 
Jaluco,86.929,221.102,121.061,199.001,133.655,119.106,158.475,108.801,141.693,180.064,0,190.919,174.809,225.147,155.768,206.786,76.744,128.202,4.267,169.772,108.929,184.917,237.639,90.826,108.387,197.987,108.619,200.265,232.938,174.402,245.444,151.419,2.9,138.516,45.36,168.327,177.31,144.31,160.965,63.322,74.291,216.973,151.536,103.683,14.69,230.693,132.545,215.497,252.839,205.272,110.983,113.017,222.773,154.714,58.616,152.473, 
San Marcos,150.988,45.285,301.736,78.553,75.679,105.833,32.929,289.476,124.956,10.339,190.919,0,225.415,57.16,119.012,72.941,261.136,70.91,188.244,35.672,95.292,101.238,69.652,275.218,82.217,127.116,86.011,45.45,64.951,256.027,77.457,121.62,189.329,108.717,229.752,21.084,12.521,176.936,45.201,131.124,258.682,48.986,52.827,87.758,174.383,62.706,146.908,47.51,84.852,37.285,165.208,83.218,54.786,42.129,132.668,43.372, 
Juchitln,143.975,192.468,272.555,127.336,278.162,290.661,235.412,260.295,70.028,217.834,174.809,225.415,0,199.734,91.867,142.885,113.727,276.623,183.102,244.022,212.973,121.016,164.817,127.809,287.93,74.99,280.878,237.684,165.584,31.381,154.869,327.333,173.43,314.43,131.075,229.822,220.87,30.512,250.914,235.581,105.736,212.263,258.54,275.942,186.949,212.226,59.625,187.902,149.088,200.563,67.163,288.931,176.629,247.842,230.875,249.085, 
Vista Hermosa (Santa Cruz del Cortijo),185.216,8.062,335.964,67.089,109.907,140.061,67.157,323.704,113.493,49.579,225.147,57.16,199.734,0,90.987,82.707,182.298,105.246,222.58,72.645,129.628,73.213,41.027,196.38,116.553,96.293,120.347,65.278,36.326,230.576,52.006,155.956,223.665,143.053,264.088,58.446,49.493,148.91,79.537,165.46,174.307,29.652,87.163,122.094,208.719,13.023,118.882,16.055,54.03,18.01,137.182,117.554,24.809,76.465,167.004,77.708, 
Tonaya,124.934,83.491,253.514,38.914,171.759,201.913,129.009,241.254,26.02,111.431,155.768,119.012,91.867,90.987,0,54.514,94.807,161.515,164.182,104.328,74.817,32.645,84.788,108.889,172.822,42.756,176.616,121.993,80.087,91.512,83.078,212.225,154.51,199.322,112.155,114.715,105.762,61.419,112.135,216.661,86.816,96.572,143.432,178.363,168.029,103.461,31.391,79.137,75.272,84.872,49.691,173.823,69.444,132.734,211.955,133.977, 
Zapotitln de Vadillo,175.952,75.211,304.532,15.776,103.609,112.527,70.309,292.272,77.038,64.987,206.786,72.941,142.885,82.707,54.514,0,145.825,93.981,219.406,50.696,75.114,36.74,76.508,159.907,113.379,73.191,117.173,113.713,71.807,142.53,84.393,152.783,205.528,139.88,163.173,68.223,60.526,112.437,58.503,162.286,137.834,88.292,75.898,118.92,205.545,95.181,82.409,70.857,79.368,76.592,100.709,114.381,61.164,64.652,163.83,68.926, 
Lo Arado,45.911,174.802,174.49,130.225,207.146,192.597,231.966,162.23,72.917,253.555,76.744,261.136,113.727,182.298,94.807,145.825,0,202.29,84.931,166.939,114.802,123.728,175.871,14.941,182.475,136.798,182.707,274.353,171.17,113.213,174.161,225.507,75.259,212.604,32.904,242.415,251.398,83.121,158.132,137.41,13.103,187.655,225.624,177.771,88.778,194.544,71.356,170.22,166.355,175.955,49.794,187.105,160.527,151.881,132.704,226.561, 
Madrid,134.336,104.367,239.019,108.875,33.065,19.503,41.74,226.759,184.038,63.329,128.202,70.91,276.623,105.246,161.515,93.981,202.29,0,128.768,44.833,82.936,154.842,123.256,215.742,22.741,180.72,26.535,85.882,118.555,299.317,131.061,62.145,129.853,49.242,170.276,53.944,62.927,269.225,36.026,71.648,199.206,102.59,18.427,28.282,114.907,116.31,257.46,101.114,138.456,90.889,235.898,23.743,108.39,29.8,73.192,28.345, 
Barra de Navidad,87.528,221.701,121.66,199.6,134.254,119.705,159.074,109.4,142.292,180.663,4.267,188.244,183.102,222.58,164.182,219.406,84.931,128.768,0,170.371,109.528,187.907,238.238,93.816,108.986,200.977,109.218,200.864,233.537,177.392,246.043,152.018,5.89,139.115,48.35,168.926,177.909,147.3,161.564,63.921,77.281,217.572,152.135,104.282,15.288,231.292,135.535,216.096,253.438,205.871,113.973,113.616,223.372,155.313,59.215,153.072, 
Suchitln,121.041,71.766,280.589,65.59,54.533,63.451,24.838,268.329,126.852,27.718,169.772,35.672,244.022,72.645,104.328,50.696,166.939,44.833,170.371,0,68.675,86.55,92.493,181.015,64.303,149.957,68.097,76.052,87.792,192.34,100.298,103.707,171.415,90.804,211.838,30.95,23.253,162.247,9.427,113.21,164.479,71.827,26.822,69.844,156.469,85.547,132.219,70.351,107.693,60.126,150.519,65.305,77.627,15.576,114.754,19.85, 
Minatitln,68.904,128.749,219.746,66.992,92.611,114.972,66.122,207.486,97.341,87.711,108.929,95.292,212.973,129.628,74.817,75.114,114.802,82.936,109.528,68.675,0,68.759,145.348,128.885,104.912,105.21,105.144,115.077,140.647,212.46,153.153,147.944,103.179,135.041,104.393,76.036,85.019,182.368,59.874,59.423,112.349,124.682,64.868,100.208,88.233,138.402,102.714,123.206,160.548,112.981,149.041,109.542,130.482,53.623,54.593,58.875, 
San Gabriel,154.083,65.717,282.663,21.14,153.985,184.139,111.235,270.403,55.169,93.657,184.917,101.238,121.016,73.213,32.645,36.74,123.728,154.842,187.907,86.55,68.759,0,59.914,136.705,155.048,37.675,158.842,104.219,60.681,119.328,49.482,194.451,182.326,181.548,139.971,96.941,87.988,89.235,94.361,203.955,114.632,78.798,125.658,160.589,195.845,85.687,59.207,61.363,41.676,67.098,77.507,156.049,51.67,114.96,205.499,116.203, 
San Andrs Ixtln,197.708,33.531,348.456,60.908,122.399,152.553,79.649,336.196,107.312,62.071,237.639,69.652,164.817,41.027,84.788,76.508,175.871,123.256,238.238,92.493,145.348,59.914,0,189.817,132.175,60.088,135.969,81.929,3.614,195.974,12.28,171.578,239.287,158.675,193.083,74.067,65.114,195.105,95.159,181.082,167.744,56.508,102.785,137.716,224.341,52.029,112.319,27.705,17.824,44.808,130.619,133.176,17.96,92.087,182.626,93.33, 
Villa Purificacin,59.993,188.884,97.168,144.307,221.228,206.679,246.048,84.908,86.999,267.637,90.826,275.218,127.809,196.38,108.889,159.907,14.941,215.742,93.816,181.015,128.885,136.705,189.817,0,196.557,150.88,196.789,288.435,185.252,127.295,188.243,239.589,89.341,226.686,46.986,256.497,265.48,97.203,172.214,151.492,27.185,201.737,239.706,191.853,102.86,208.626,85.438,184.302,180.437,190.037,63.876,201.187,174.609,165.963,146.786,240.643, 
Colonia Bayardo,114.521,115.674,219.204,148.942,28.227,21.876,53.047,206.944,195.345,74.636,108.387,82.217,287.93,116.553,172.822,113.379,182.475,22.741,108.986,64.303,104.912,155.048,132.175,196.557,0,191.353,3.794,96.515,129.188,276.576,141.694,47.669,107.112,34.766,147.535,64.577,73.56,246.484,57.215,48.907,176.465,113.223,47.786,5.541,92.166,126.943,234.719,111.747,149.089,101.522,213.157,9.267,119.023,50.964,50.451,48.723, 
Tapalpa,167.153,88.797,295.733,57.591,179.863,210.017,137.113,283.473,68.239,119.535,197.987,127.116,74.99,96.293,42.756,73.191,136.798,180.72,200.977,149.957,105.21,37.675,60.088,150.88,191.353,0,191.768,137.728,59.838,104.927,48.64,227.377,196.73,214.474,154.375,129.866,120.913,104.058,150.958,236.881,129.036,112.307,158.584,193.515,210.249,112.27,73.611,87.946,44.835,100.607,91.911,188.975,76.673,147.886,238.425,149.129, 
Cofrada de Jurez,114.753,119.468,219.436,152.736,32.021,12.964,56.841,207.176,199.139,78.43,108.619,86.011,280.878,120.347,176.616,117.173,182.707,26.535,109.218,68.097,105.144,158.842,135.969,196.789,3.794,191.768,0,102.339,135.012,277.414,147.518,53.493,107.95,40.59,148.373,70.401,79.384,247.322,63.039,49.745,177.303,119.047,53.61,5.011,93.004,132.767,235.557,117.571,154.913,107.346,213.995,15.091,124.847,56.788,51.289,54.547, 
Pihuamo,206.399,71.957,311.082,98.113,85.025,115.179,62.294,298.822,144.516,37.869,200.265,45.45,237.684,65.278,121.993,113.713,274.353,85.882,200.864,76.052,115.077,104.219,81.929,288.435,96.515,137.728,102.339,0,77.168,268.245,89.674,134.388,202.097,121.485,242.52,72.024,56.362,181.289,67.155,143.892,271.45,36.068,65.595,100.526,187.151,74.179,151.261,70.174,97.069,49.29,169.561,95.986,67.003,62.619,145.436,56.144, 
San Sebastin del Sur,193.007,28.83,343.755,56.207,117.698,147.852,74.948,331.495,102.611,57.37,232.938,64.951,165.584,36.326,80.087,71.807,171.17,118.555,233.537,87.792,140.647,60.681,3.614,185.252,129.188,59.838,135.012,77.168,0,196.143,12.45,171.205,238.914,158.302,192.71,73.694,64.741,195.274,94.786,180.709,167.371,56.135,102.412,137.343,223.968,51.656,111.946,27.332,17.994,44.435,130.246,132.803,17.587,91.714,182.253,92.957, 
Ayutla,143.568,223.08,272.148,126.93,308.774,290.254,266.024,259.888,69.622,248.446,174.402,256.027,31.381,230.576,91.512,142.53,113.213,299.317,177.392,192.34,212.46,119.328,195.974,127.295,276.576,104.927,277.414,268.245,196.143,0,185.497,323.254,173.006,310.351,130.651,260.45,251.498,30.088,281.542,235.157,105.312,242.891,289.168,275.518,186.525,242.854,59.201,218.53,179.717,231.191,66.739,284.852,207.257,278.47,230.451,279.713, 
Usmajac,205.513,44.51,356.261,68.793,130.204,160.358,87.454,344.001,105.602,69.876,245.444,77.457,154.869,52.006,83.078,84.393,174.161,131.061,246.043,100.298,153.153,49.482,12.28,188.243,141.694,48.64,147.518,89.674,12.45,185.497,0,178.321,246.03,165.418,190.413,80.81,71.857,184.764,101.902,187.825,165.074,63.251,109.528,144.459,231.084,63.214,109.649,38.89,7.393,51.551,127.949,139.919,27.617,98.83,189.369,100.073, 
Coahuayana de Hidalgo,157.553,155.077,262.236,188.345,53.367,66.333,92.45,249.976,234.748,114.039,151.419,121.62,327.333,155.956,212.225,152.783,225.507,62.145,152.018,103.707,147.944,194.451,171.578,239.589,47.669,227.377,53.493,134.388,171.205,323.254,178.321,0,153.346,13.814,193.769,102.071,111.054,292.718,94.709,95.141,222.699,150.717,85.281,51.775,138.4,164.437,280.953,149.241,186.583,139.016,259.391,39.087,156.517,88.458,96.685,86.217, 
San Patricio (Melaque),77.856,222.786,110.55,189.928,135.339,120.79,160.159,98.29,132.62,181.748,2.9,189.329,173.43,223.665,154.51,205.528,75.259,129.853,5.89,171.415,103.179,182.326,239.287,89.341,107.112,196.73,107.95,202.097,238.914,173.006,246.03,153.346,0,140.204,43.48,170.015,178.998,142.43,162.653,65.01,72.411,218.661,153.224,105.371,16.377,232.381,130.665,217.185,254.527,206.96,109.103,114.705,224.461,156.402,60.303,154.161, 
Cerro de Ortega,144.65,142.174,249.333,175.442,40.464,53.43,79.547,237.073,221.845,101.136,138.516,108.717,314.43,143.053,199.322,139.88,212.604,49.242,139.115,90.804,135.041,181.548,158.675,226.686,34.766,214.474,40.59,121.485,158.302,310.351,165.418,13.814,140.204,0,180.847,89.149,98.132,279.796,81.787,82.219,209.777,137.795,72.359,38.853,125.478,151.515,268.031,136.319,173.661,126.094,246.469,26.166,143.595,75.536,83.763,73.295, 
La Huerta,35.501,192.15,143.106,147.573,175.762,161.213,200.582,130.846,90.265,222.171,45.36,229.752,131.075,264.088,112.155,163.173,32.904,170.276,48.35,211.838,104.393,139.971,193.083,46.986,147.535,154.375,148.373,242.52,192.71,130.651,190.413,193.769,43.48,180.847,0,211.127,220.11,99.594,203.765,106.122,29.575,259.773,194.336,146.483,57.49,273.493,87.829,186.693,182.828,248.072,66.267,155.817,177,197.514,101.416,195.273, 
Cuauhtmoc,128.396,57.567,279.144,90.835,53.087,83.241,10.337,266.884,137.238,13.129,168.327,21.084,229.822,58.446,114.715,68.223,242.415,53.944,168.926,30.95,76.036,96.941,74.067,256.497,64.577,129.866,70.401,72.024,73.694,260.45,80.81,102.071,170.015,89.149,211.127,0,9.252,179.141,25.237,111.16,238.718,51.191,32.863,67.794,154.419,64.911,149.113,49.715,87.058,39.49,167.413,63.254,56.991,22.165,112.704,23.408, 
Quesera,137.379,48.614,288.127,81.882,62.07,92.224,19.32,275.867,128.285,4.566,177.31,12.521,220.87,49.493,105.762,60.526,251.398,62.927,177.909,23.253,85.019,87.988,65.114,265.48,73.56,120.913,79.384,56.362,64.741,251.498,71.857,111.054,178.998,98.132,220.11,9.252,0,172.607,34.424,120.347,247.905,44.657,42.05,76.981,163.606,58.377,142.579,43.181,80.523,32.956,160.879,72.441,50.457,31.352,121.891,32.595, 
Unin de Tula,113.476,141.414,242.056,96.837,274.711,260.162,186.933,229.796,39.529,169.355,144.31,176.936,30.512,148.91,61.419,112.437,83.121,269.225,147.3,162.247,182.368,89.235,195.105,97.203,246.484,104.058,247.322,181.289,195.274,30.088,184.764,292.718,142.43,279.796,99.594,179.141,172.607,0,170.002,205.077,75.232,154.439,201.299,245.438,156.445,161.328,29.121,137.004,178.842,142.739,36.659,254.772,127.311,190.601,200.371,191.844, 
Comala,112.234,78.658,271.782,73.397,45.726,54.644,16.031,259.522,134.659,37.62,160.965,45.201,250.914,79.537,112.135,58.503,158.132,36.026,161.564,9.427,59.874,94.361,95.159,172.214,57.215,150.958,63.039,67.155,94.786,281.542,101.902,94.709,162.653,81.787,203.765,25.237,34.424,170.002,0,103.783,155.052,74.093,17.395,60.417,147.042,87.813,172.015,72.617,109.959,62.392,190.315,55.878,79.893,6.149,105.327,10.423, 
El Colomo,69.456,164.581,174.139,197.849,77.134,62.585,101.954,161.879,194.771,123.543,63.322,131.124,235.581,165.46,216.661,162.286,137.41,71.648,63.921,113.21,59.423,203.955,181.082,151.492,48.907,236.881,49.745,143.892,180.709,235.157,187.825,95.141,65.01,82.219,106.122,111.16,120.347,205.077,103.783,0,133.186,160.758,95.321,47.468,48.887,174.478,191.44,159.282,196.624,149.057,169.878,56.802,166.558,98.499,6.795,96.258, 
La Resolana,43.457,166.811,172.037,122.234,204.692,190.143,229.512,159.777,64.926,251.101,74.291,258.682,105.736,174.307,86.816,137.834,13.103,199.206,77.281,164.479,112.349,114.632,167.744,27.185,176.465,129.036,177.303,271.45,167.371,105.312,165.074,222.699,72.411,209.777,29.575,238.718,247.905,75.232,155.052,133.186,0,179.635,223.196,175.343,86.35,186.524,63.336,162.2,158.335,167.935,41.774,184.677,152.507,149.453,130.276,224.133, 
Tecalitln,177.042,36.331,327.79,72.692,101.733,131.887,58.983,315.53,119.095,41.405,216.973,48.986,212.263,29.652,96.572,88.292,187.655,102.59,217.572,71.827,124.682,78.798,56.508,201.737,113.223,112.307,119.047,36.068,56.135,242.891,63.251,150.717,218.661,137.795,259.773,51.191,44.657,154.439,74.093,160.758,179.635,0,82.43,117.361,203.986,38.552,125.84,34.547,71.648,15.196,144.14,112.821,41.582,71.732,162.271,72.975, 
Coquimatln,117.228,86.284,262.353,90.792,36.297,37.045,23.657,250.093,165.955,45.246,151.536,52.827,258.54,87.163,143.432,75.898,225.624,18.427,152.135,26.822,64.868,125.658,102.785,239.706,47.786,158.584,53.61,65.595,102.412,289.168,109.528,85.281,153.224,72.359,194.336,32.863,42.05,201.299,17.395,95.321,223.196,82.43,0,54.177,140.802,98.489,182.691,83.293,120.635,73.068,261.793,49.637,90.569,11.979,99.087,10.524, 
Ciudad de Armera,109.817,121.215,214.5,154.483,33.768,17.851,58.588,202.24,235.132,80.177,103.683,87.758,275.942,122.094,178.363,118.92,177.771,28.282,104.282,69.844,100.208,160.589,137.716,191.853,5.541,193.515,5.011,100.526,137.343,275.518,144.459,51.775,105.371,38.853,146.483,67.794,76.981,245.438,60.417,47.468,175.343,117.361,54.177,0,89.726,131.563,232.279,116.367,153.709,106.142,210.717,13.887,123.643,55.584,48.011,53.343, 
Cihuatln,49.652,207.84,125.507,203.447,120.393,105.844,145.213,113.247,146.139,166.802,14.69,174.383,186.949,208.719,168.029,205.545,88.778,114.907,15.288,156.469,88.233,195.845,224.341,102.86,92.166,210.249,93.004,187.151,223.968,186.525,231.084,138.4,16.377,125.478,57.49,154.419,163.606,156.445,147.042,48.887,86.35,203.986,140.802,89.726,0,217.432,143.981,202.236,239.578,192.011,122.419,99.756,209.512,141.453,45.354,139.212, 
Tamazula de Gordiano,190.762,20.207,341.51,79.581,115.453,145.607,72.703,329.25,125.985,55.125,230.693,62.706,212.226,13.023,103.461,95.181,194.544,116.31,231.292,85.547,138.402,85.687,52.029,208.626,126.943,112.27,132.767,74.179,51.656,242.854,63.214,164.437,232.381,151.515,273.493,64.911,58.377,161.328,87.813,174.478,186.524,38.552,98.489,131.563,217.432,0,131.578,25.146,66.726,27.1,149.878,126.644,37.505,85.555,176.094,86.798, 
El Grullo,101.711,111.386,230.291,66.809,199.655,248.397,156.905,218.031,9.501,139.327,132.545,146.908,59.625,118.882,31.391,82.409,71.356,257.46,135.535,132.219,102.714,59.207,112.319,85.438,234.719,73.611,235.557,151.261,111.946,59.201,109.649,280.953,130.665,268.031,87.829,149.113,142.579,29.121,172.015,191.44,63.336,125.84,182.691,232.279,143.981,131.578,0,106.933,103.068,112.668,18.883,235.548,97.241,160.53,181.147,161.773, 
Zapotiltic,175.566,6.789,326.314,55.257,100.257,130.411,57.507,314.054,101.661,39.929,215.497,47.51,187.902,16.055,79.137,70.857,170.22,101.114,216.096,70.351,123.206,61.363,27.705,184.302,111.747,87.946,117.571,70.174,27.332,218.53,38.89,149.241,217.185,136.319,186.693,49.715,43.181,137.004,72.617,159.282,162.2,34.547,83.293,116.367,202.236,25.146,106.933,0,42.221,11.64,125.373,111.184,13,70.095,160.634,71.338, 
Sayula,212.908,46.534,363.656,63.768,137.599,167.753,94.849,351.396,97.796,77.271,252.839,84.852,149.088,54.03,75.272,79.368,166.355,138.456,253.438,107.693,160.548,41.676,17.824,180.437,149.089,44.835,154.913,97.069,17.994,179.717,7.393,186.583,254.527,173.661,182.828,87.058,80.523,178.842,109.959,196.624,158.335,71.648,120.635,153.709,239.578,66.726,103.068,42.221,0,59.348,120.133,147.716,35.414,106.627,197.166,107.87, 
Tuxpan,165.341,17.131,316.089,60.992,90.032,120.186,47.282,303.829,107.395,29.704,205.272,37.285,200.563,18.01,84.872,76.592,175.955,90.889,205.871,60.126,112.981,67.098,44.808,190.037,101.522,100.607,107.346,49.29,44.435,231.191,51.551,139.016,206.96,126.094,248.072,39.49,32.956,142.739,62.392,149.057,167.935,15.196,73.068,106.142,192.011,27.1,112.668,11.64,59.348,0,132.382,101.063,29.772,59.974,150.513,61.217, 
Autln de Navarro,80.149,129.686,208.729,85.109,241.384,226.835,175.205,196.469,27.801,157.627,110.983,165.208,67.163,137.182,49.691,100.709,49.794,235.898,113.973,150.519,149.041,77.507,130.619,63.876,213.157,91.911,213.995,169.561,130.246,66.739,127.949,259.391,109.103,246.469,66.267,167.413,160.879,36.659,190.315,169.878,41.774,144.14,261.793,210.717,122.419,149.878,18.883,125.373,120.133,132.382,0,218.926,115.268,178.558,164.525,179.801, 
Tecomn,119.151,116.675,223.834,149.943,29.228,27.931,54.048,211.574,196.346,75.637,113.017,83.218,288.931,117.554,173.823,114.381,187.105,23.743,113.616,65.305,109.542,156.049,133.176,201.187,9.267,188.975,15.091,95.986,132.803,284.852,139.919,39.087,114.705,26.166,155.817,63.254,72.441,254.772,55.878,56.802,184.677,112.821,49.637,13.887,99.756,126.644,235.548,111.184,147.716,101.063,218.926,0,117.946,49.887,58.114,47.646, 
Ciudad Guzmn,182.842,17.313,333.59,45.564,107.533,137.687,64.783,321.33,91.968,47.205,222.773,54.786,176.629,24.809,69.444,61.164,160.527,108.39,223.372,77.627,130.482,51.67,17.96,174.609,119.023,76.673,124.847,67.003,17.587,207.257,27.617,156.517,224.461,143.595,177,56.991,50.457,127.311,79.893,166.558,152.507,41.582,90.569,123.643,209.512,37.505,97.241,13,35.414,29.772,115.268,117.946,0,78.284,168.823,79.527, 
Ciudad de Villa de lvarez,105.983,75.586,265.531,79.546,39.475,48.418,12.959,253.271,155.257,34.548,154.714,42.129,247.842,76.465,132.734,64.652,151.881,29.8,155.313,15.576,53.623,114.96,92.087,165.963,50.964,147.886,56.788,62.619,91.714,278.47,98.83,88.458,156.402,75.536,197.514,22.165,31.352,190.601,6.149,98.499,149.453,71.732,11.979,55.584,141.453,85.555,160.53,70.095,106.627,59.974,178.558,49.887,78.284,0,99.702,5.251, 
Manzanillo,64.75,166.125,169.433,199.393,78.678,64.129,103.498,157.173,190.065,125.087,58.616,132.668,230.875,167.004,211.955,163.83,132.704,73.192,59.215,114.754,54.593,205.499,182.626,146.786,50.451,238.425,51.289,145.436,182.253,230.451,189.369,96.685,60.303,83.763,101.416,112.704,121.891,200.371,105.327,6.795,130.276,162.271,99.087,48.011,45.354,176.094,181.147,160.634,197.166,150.513,164.525,58.114,168.823,99.702,0,96.236, 
Colima,111.235,76.829,263.29,110.097,37.233,46.963,14.202,251.03,156.5,35.791,152.473,43.372,249.085,77.708,133.977,68.926,226.561,28.345,153.072,19.85,58.875,116.203,93.33,240.643,48.723,149.129,54.547,56.144,92.957,279.713,100.073,86.217,154.161,73.295,195.273,23.408,32.595,191.844,10.423,96.258,224.133,72.975,10.524,53.343,139.212,86.798,161.773,71.338,107.87,61.217,179.801,47.646,79.527,5.251,96.236,0, 
