LOCALIDADES,Aramberri,Fraccionamiento Misin de San Javier,Portal de las Salinas,Entronque Laredo-Salinas Victoria,La Ascencin,Valle de Vaqueras,Ciudad de Villaldama,Fraccionamiento Cosmpolis Octavo Sector,Marn,El Control,Simeprodeso (Colectivo Nuevo),El Realito,Ciudad Satlite del Norte,General Francisco Villa,Bustamante,Anhuac,Hacienda San Pedro,Ramrez,Colinas del Aeropuerto,General Bravo,Las Escobas,Alianza Real,Nueva Ciudad Guerrero,General Cepeda,Mina,Hidalgo,Los Guerra,Mier,Las Torres,Villas de Alcal,Pesquera,Loma la Paz,Monte Kristal,Hualahuises,Valle de Lincoln,Hctor Caballero,Real del Sol,Emiliano Zapata,Ciudad General Tern,Galeana,Ciudad Cerralvo,Concepcin del Oro,Ciudad Camargo,Misin San Pablo,Arteaga,Salinas Victoria,China,Ex-Hacienda Santa Rosa,Carmen,Prados de Santa Rosa,Santa Rosa,General Zuazua,Nuevo Progreso,Ciudad Gustavo Daz Ordaz,Cinega de Flores,Hidalgo,Villas del Poniente,Parque Industrial Ciudad Mitras,Ciudad Miguel Alemn,Arboledas de San Roque,Ciudad de Allende,San Fernando,Ciudad Sabinas Hidalgo,Fraccionamiento Real Palmas,Santiago,Montemorelos,Valle Hermoso,Jardines de la Silla (Jardines),Linares,Ramos Arizpe,Cadereyta Jimnez,Garca,Ciudad Ro Bravo,San Pedro Garza Garca,Ciudad Benito Jurez,Ciudad Santa Catarina,Ciudad General Escobedo,San Nicols de los Garza,Heroica Matamoros,Ciudad Apodaca,Reynosa,Guadalupe,Saltillo,Monterrey, 
Aramberri,0,317.715,346.975,334.743,42.075,307.954,404.163,331.581,360.617,521.246,328.049,471.844,334.451,383.15,415.118,480.564,342.598,525.304,351.724,369.914,315.997,318.816,435.424,288.346,353.386,243.746,426.998,416.586,339.939,339.927,353.471,316.199,308.131,170.86,308.406,295.121,340.853,332.787,236.198,112.393,355.241,293.752,453.817,318.642,239.535,340.237,311.276,335.568,334.961,335.827,333.693,346.607,497.977,459.053,344.309,343.559,309.125,319.871,430.375,295.428,241.586,354.34,414.598,343.005,271.217,220.54,465.781,306.447,172.796,265.836,281.743,307.171,484.638,313.041,291.442,300.474,320.174,306.022,497.749,315.108,460.588,306.691,253.225,294.153, 
Fraccionamiento Misin de San Javier,317.715,0,40.205,27.974,278.007,19.293,100.791,17.826,28.072,270.913,33.799,297.825,31.546,332.195,111.746,278.762,35.828,274.971,19.179,119.581,14.175,42.247,161.675,176.721,59.136,226.352,153.248,142.836,45.689,33.157,20.925,6.915,19.47,137.443,48.753,20.008,34.083,31.864,88.777,221.022,81.491,236.896,180.067,4.652,121.236,36.656,114.241,12.133,40.711,13.322,13.249,21.583,247.644,208.72,37.539,49.309,51.141,36.601,156.625,24.505,78.548,283.021,107.828,36.235,59.939,100.956,291.712,17.786,149.972,105.117,33.839,60.044,234.305,33.15,15.606,41.937,28.029,17.692,299.676,8.266,210.255,14.194,117.088,25.601, 
Portal de las Salinas,346.975,40.205,0,21.338,309.653,64.118,83.282,23.698,27.796,301.378,30.506,328.29,22.52,362.66,94.237,309.227,14.284,305.436,32.571,150.046,56.882,39.987,165.821,174.461,56.876,245.752,157.395,146.983,25.959,11.613,45.798,45.192,64.295,156.843,46.493,60.632,6.58,23.367,119.242,263.649,85.637,234.636,184.214,41.297,118.976,20.499,144.706,27.685,30.168,27.944,25.81,18.293,278.109,239.185,4.504,47.049,48.882,40.395,160.772,60.939,97.948,313.486,63.548,14.691,79.339,120.356,322.177,60.655,169.372,102.857,64.304,57.784,264.77,45.997,56.261,68.2,31.823,33.941,330.141,35.364,240.72,47.441,114.828,44.924, 
Entronque Laredo-Salinas Victoria,334.743,27.974,21.338,0,292.667,47.132,82.902,6.712,35.958,284.392,14.553,311.304,13.657,345.674,93.857,292.241,17.94,288.45,27.065,133.06,39.896,23.001,169.561,157.475,39.89,228.765,161.135,150.723,26.443,15.269,28.812,28.206,47.309,139.856,29.507,43.646,16.195,16.755,102.256,246.663,89.378,217.65,187.954,24.311,101.99,18.767,127.72,10.699,21.465,10.958,8.824,21.949,261.123,222.199,19.651,30.063,31.896,23.409,164.512,43.953,80.961,296.5,89.94,18.347,62.352,103.369,305.191,43.669,152.385,85.871,47.318,40.798,247.784,29.011,39.275,51.214,14.837,16.955,313.155,18.378,223.734,30.455,97.842,27.937, 
La Ascencin,42.075,278.007,309.653,292.667,0,267.909,364.118,291.536,320.572,481.201,288.004,431.799,294.406,343.105,375.073,440.519,302.553,485.259,311.679,329.869,275.952,278.771,395.379,248.301,313.341,203.701,386.953,376.541,299.894,299.882,313.426,276.154,268.086,130.815,268.361,255.076,300.808,292.742,196.153,72.348,315.196,296.534,413.772,278.597,199.49,300.192,271.231,295.523,294.916,295.782,293.648,306.562,457.932,419.008,304.264,303.514,269.08,279.826,390.33,255.383,201.541,314.295,374.553,302.96,231.172,180.495,425.736,266.402,132.751,225.791,241.698,267.126,444.593,272.996,251.397,260.429,280.129,265.977,457.704,275.063,420.543,266.646,213.18,254.108, 
Valle de Vaqueras,307.954,19.293,64.118,47.132,267.909,0,123.212,48.489,44.431,265.227,56.22,292.139,53.967,326.509,134.167,273.076,58.249,269.285,35.538,113.895,9.668,64.668,178.034,165.759,81.557,215.912,169.608,159.196,68.11,55.578,37.285,17.416,1.404,127.003,71.174,4.633,56.504,54.285,83.091,210.582,97.851,225.934,196.427,19.728,110.274,59.077,108.555,28.136,63.132,29.325,29.252,41.915,241.958,203.034,59.96,71.73,39.289,65.931,172.985,3.609,68.108,277.335,130.249,58.656,35.992,90.516,286.026,4.89,139.532,94.155,28.154,56.035,228.619,28.651,7.393,37.438,56.614,27.802,293.99,24.269,204.569,11.278,106.126,20.008, 
Ciudad de Villaldama,404.163,100.791,83.282,82.902,364.118,123.212,0,87.05,97.86,366.702,80.118,393.614,70.027,427.984,10.412,374.551,84.348,370.76,109.375,215.37,122.206,97.328,132.292,231.802,92.619,304.685,161.4,150.575,66.729,81.677,111.122,110.516,129.619,215.776,103.834,125.956,79.566,72.979,184.566,320.99,155.701,291.977,188.22,106.621,176.317,63.799,210.03,91.037,70.938,91.296,89.162,88.357,343.433,304.509,83.023,82.793,106.222,96.731,164.777,126.263,156.881,378.81,27.767,84.755,138.272,179.289,387.501,125.979,228.305,160.198,129.628,115.125,330.094,104.686,121.585,125.541,88.159,92.754,395.465,100.688,306.044,112.765,172.169,103.857, 
Fraccionamiento Cosmpolis Octavo Sector,331.581,17.826,23.698,6.712,291.536,48.489,87.05,0,36.744,285.177,16.819,312.089,14.315,346.459,94.515,293.026,18.597,289.235,27.851,133.845,40.682,20.255,170.347,159.741,42.156,228.396,161.921,151.509,22.665,15.926,29.598,28.991,48.094,139.487,31.773,44.431,16.852,15.9,103.041,248.929,90.164,219.916,188.74,25.097,104.256,19.425,128.505,6.56,23.731,6.819,4.685,22.606,261.908,222.984,20.308,32.329,28.151,22.554,165.298,44.738,80.592,297.285,90.597,19.004,61.983,103,305.976,44.455,152.016,88.137,48.103,43.064,248.569,28.642,40.06,53.48,13.981,16.585,313.94,11.511,224.519,31.241,100.108,27.568, 
Marn,360.617,28.072,27.796,35.958,320.572,44.431,97.86,36.744,0,290.151,43.723,317.063,41.47,351.433,109.59,298,16.252,294.209,16.279,138.819,41.076,52.171,138.941,186.645,69.06,243.598,130.515,120.103,41.312,18.263,12.854,30.558,46.533,154.689,58.676,49.405,21.491,41.788,108.015,238.268,58.757,246.82,157.334,29.816,131.16,35.852,133.479,27.715,50.635,28.904,28.831,10.044,266.882,188.048,24.948,59.233,61.065,53.434,133.892,49.712,95.794,302.259,91.162,16.091,77.185,118.202,310.95,44.849,167.218,115.041,53.077,69.967,253.543,50.396,45.034,59.183,44.117,33.309,318.914,23.884,229.493,35.96,127.012,42.847, 
El Control,521.246,270.913,301.378,284.392,481.201,265.227,366.702,285.177,290.151,0,293.394,43.749,291.142,120.192,371.342,24.687,295.424,3.437,280.206,157.914,269.604,301.842,193.971,436.316,318.731,341.185,164.978,174.795,305.284,292.753,281.953,262.31,266.833,342.392,308.348,263.17,293.679,291.46,257.074,425.971,236.108,496.491,135.258,267.188,380.831,296.252,170.313,277.8,300.306,278.989,278.916,284.081,27.752,107.708,297.135,308.904,310.737,303.105,161.153,263.477,282.524,141.858,367.424,295.831,273.68,274.259,37.636,273.377,354.921,364.712,243.091,319.639,39.106,287.979,258.762,296.766,293.788,278.814,41.766,273.968,63.267,269.785,376.683,280.43, 
Simeprodeso (Colectivo Nuevo),328.049,33.799,30.506,14.553,288.004,56.22,80.118,16.819,43.723,293.394,0,318.595,14.233,352.965,94.901,299.532,25.103,295.741,34.357,140.351,47.188,21.183,176.853,155.657,33.894,228.54,168.427,158.015,20.447,22.432,36.104,35.497,54.6,139.631,27.689,50.937,23.358,12.569,109.547,244.845,96.67,215.832,195.246,31.603,100.172,20.02,135.011,14.892,15.469,15.151,13.017,29.112,268.414,229.49,26.814,24.067,30.077,20.586,171.804,51.244,80.736,303.791,97.103,25.51,62.127,103.144,312.482,50.961,152.16,84.053,54.609,38.98,255.075,28.541,46.566,49.396,12.014,16.609,320.446,25.67,231.025,37.747,96.024,27.712, 
El Realito,471.844,297.825,328.29,311.304,431.799,292.139,393.614,312.089,317.063,43.749,318.595,0,318.145,88.751,398.345,21.067,322.427,40.16,307.209,184.917,296.607,328.845,220.974,463.319,345.734,309.744,191.981,201.798,332.287,319.756,308.956,289.313,293.836,312.955,335.351,290.173,320.682,318.463,296.261,374.58,263.111,523.494,162.261,294.191,407.834,323.255,197.316,304.803,327.309,305.992,305.919,311.084,70.398,134.711,324.138,335.907,337.74,330.108,188.156,290.48,309.527,110.417,394.427,322.834,300.683,314.055,6.283,300.38,300.301,391.715,270.094,346.642,67.57,314.982,285.765,323.769,320.791,305.817,50.6,300.971,90.27,296.788,403.686,307.433, 
Ciudad Satlite del Norte,334.451,31.546,22.52,13.657,294.406,53.967,70.027,14.315,41.47,291.142,14.233,318.145,0,352.448,82.365,299.015,21.036,295.224,33.839,139.834,46.67,29.775,176.335,164.249,46.664,235.54,167.909,157.497,10.515,18.365,35.586,34.98,54.083,146.631,36.281,50.42,17.668,1.761,109.03,253.437,96.152,224.424,194.728,31.085,108.764,7.275,134.494,17.474,14.724,17.733,15.599,25.045,267.897,228.973,21.125,36.837,38.67,30.183,171.286,50.727,87.736,303.274,86.411,21.443,69.127,110.144,311.965,50.443,159.16,92.645,54.092,47.572,254.558,35.785,46.049,57.988,21.611,23.729,319.929,25.152,230.508,37.229,104.616,34.712, 
General Francisco Villa,383.15,332.195,362.66,345.674,343.105,326.509,427.984,346.459,351.433,120.192,352.965,88.751,352.448,0,433.405,97.659,357.487,116.753,342.269,219.977,331.667,363.905,256.034,498.379,380.794,221.239,227.041,236.858,367.347,354.816,344.016,324.373,328.896,224.45,370.411,325.233,355.742,353.523,207.756,286.075,298.171,558.554,197.321,329.251,442.894,358.315,168.051,339.863,362.369,341.052,340.979,346.144,146.991,169.771,359.198,370.967,372.8,365.168,223.216,325.54,250.296,21.912,429.487,357.894,279.928,225.55,82.876,335.44,211.796,426.775,305.154,381.702,137.603,350.042,320.825,358.829,355.851,340.877,114.844,336.031,125.33,331.848,438.746,342.493, 
Bustamante,415.118,111.746,94.237,93.857,375.073,134.167,10.412,94.515,109.59,371.342,94.901,398.345,82.365,433.405,0,385.401,95.198,381.61,120.225,226.22,133.056,108.178,145.27,242.652,103.47,315.535,238.309,163.553,77.58,92.527,121.972,121.366,140.469,226.626,114.684,136.806,90.416,83.829,195.416,331.84,166.551,302.827,265.128,117.471,187.167,74.65,220.88,101.887,81.789,102.146,100.012,99.207,354.283,315.359,93.873,93.644,117.072,107.581,241.686,137.113,167.731,389.66,40.745,95.605,149.122,190.139,398.351,136.829,239.155,171.048,140.478,125.975,340.944,115.536,132.435,136.391,99.009,103.604,406.315,111.538,316.894,123.615,183.019,114.707, 
Anhuac,480.564,278.762,309.227,292.241,440.519,273.076,374.551,293.026,298,24.687,299.532,21.067,299.015,97.659,385.401,0,303.514,21.248,288.296,166.004,277.694,309.932,202.061,444.406,326.821,318.652,173.068,182.885,313.374,300.843,290.043,270.4,274.923,350.482,316.438,271.26,301.769,299.55,265.164,383.488,244.198,504.581,143.348,275.278,388.921,304.342,178.403,285.89,308.396,287.079,287.006,292.171,51.486,115.798,305.225,316.994,318.827,311.195,169.243,271.567,290.614,119.325,375.514,303.921,281.77,282.349,15.104,281.467,309.209,372.802,251.181,327.729,48.657,296.069,266.852,304.856,301.878,286.904,57.895,282.058,71.357,277.875,384.773,288.52, 
Hacienda San Pedro,342.598,35.828,14.284,17.94,302.553,58.249,84.348,18.597,16.252,295.424,25.103,322.427,21.036,357.487,95.198,303.514,0,301.035,20.96,145.645,52.481,35.586,154.21,170.06,52.475,241.351,145.784,135.372,27.713,4.664,28.123,40.791,59.894,152.442,42.092,56.231,7.892,22.848,114.841,259.248,74.026,230.235,172.603,36.896,114.575,22.253,140.305,23.284,34.05,23.543,21.409,6.682,273.708,203.317,11.349,42.648,44.481,35.994,149.161,56.538,93.547,309.085,77.563,3.08,74.938,115.955,317.776,56.254,164.971,98.456,59.903,53.383,260.369,41.596,51.86,63.799,27.422,29.54,325.74,30.963,236.319,43.04,110.427,40.523, 
Ramrez,525.304,274.971,305.436,288.45,485.259,269.285,370.76,289.235,294.209,3.437,295.741,40.16,295.224,116.753,381.61,21.248,301.035,0,284.373,162.081,273.771,306.009,198.138,440.483,322.898,337.748,169.145,178.962,309.451,296.92,286.12,266.477,271,346.559,312.515,267.337,297.846,295.627,261.241,430.138,240.275,500.658,139.425,271.355,384.998,300.419,174.48,281.967,304.473,283.156,283.083,288.248,31.92,111.875,301.302,313.071,314.904,307.272,165.32,267.644,286.691,138.421,371.591,299.998,277.847,278.426,34.199,277.544,359.088,368.879,247.258,323.806,38.648,292.146,262.929,300.933,297.955,282.981,38.329,278.135,67.434,273.952,380.85,284.597, 
Colinas del Aeropuerto,351.724,19.179,32.571,27.065,311.679,35.538,109.375,27.851,16.279,280.206,34.357,307.209,33.839,342.269,120.225,288.296,20.96,284.373,0,129.474,31.731,42.826,150.758,177.3,59.715,234.253,142.331,131.919,46.268,22.896,9.223,21.213,37.188,145.344,49.331,40.06,34.662,32.443,98.67,228.923,70.574,237.475,169.15,20.471,121.815,37.235,124.134,18.37,41.29,19.559,19.486,13.627,257.537,218.613,38.118,49.888,51.72,44.089,145.708,40.367,86.449,292.914,108.407,20.724,67.84,108.857,301.605,35.504,157.873,105.696,43.732,60.622,244.198,41.051,35.689,49.838,34.772,23.963,309.569,14.538,220.148,26.615,117.667,33.502, 
General Bravo,369.914,119.581,150.046,133.06,329.869,113.895,215.37,133.845,138.819,157.914,140.351,184.917,139.834,219.977,226.22,166.004,145.645,162.081,129.474,0,117.952,150.189,115.338,284.663,167.078,279.648,85.797,88.275,153.631,141.1,130.3,110.657,115.18,190.739,156.695,111.517,142.026,139.807,103.83,274.318,78.823,344.838,80.031,115.535,229.178,144.599,12.465,126.147,148.653,127.336,127.263,132.428,133.56,94.636,145.482,157.251,159.084,151.452,86.903,111.824,130.871,178.973,215.771,144.178,122.027,121.015,177.628,121.725,203.268,213.059,91.438,167.986,120.221,136.326,107.109,145.113,142.135,127.161,185.592,122.315,96.171,118.133,225.03,128.777, 
Las Escobas,315.997,14.175,56.882,39.896,275.952,9.668,122.206,40.682,41.076,269.604,47.188,296.607,46.67,331.667,133.056,277.694,52.481,273.771,31.731,117.952,0,58.488,179.348,167.893,75.377,204.306,170.922,160.51,61.93,49.398,38.599,12.613,9.906,115.397,64.994,10.419,50.324,48.105,76.911,198.976,99.165,228.068,197.741,15.478,112.408,52.897,102.375,34.446,56.952,35.635,35.562,40.727,235.778,196.854,53.78,65.55,41.423,59.751,174.299,16.364,55.529,271.155,124.069,52.476,46.685,78.91,279.846,11.709,127.926,96.289,21.974,76.285,222.439,30.785,7.936,39.572,50.434,21.62,287.81,30.614,198.389,9.767,108.26,23.236, 
Alianza Real,318.816,42.247,39.987,23.001,278.771,64.668,97.328,20.255,52.171,301.842,21.183,328.845,29.775,363.905,108.178,309.932,35.586,306.009,42.826,150.189,58.488,0,187.433,146.263,30.055,255.965,179.007,168.595,18.6,33.14,46.684,46.077,65.18,167.056,18.295,61.517,34.066,26,120.127,235.451,107.25,206.438,205.826,42.183,90.778,33.45,145.591,28.781,13.295,29.04,26.906,39.82,278.994,240.07,37.522,20.229,20.684,13.079,182.384,61.824,108.161,314.371,107.811,36.218,89.552,130.569,323.062,61.541,179.585,74.659,65.189,29.586,265.655,53.547,57.146,40.002,13.383,28.227,331.026,36.25,241.605,48.327,86.63,55.214, 
Nueva Ciudad Guerrero,435.424,161.675,165.821,169.561,395.379,178.034,132.292,170.347,138.941,193.971,176.853,220.974,176.335,256.034,145.27,202.061,154.21,198.138,150.758,115.338,179.348,187.433,0,320.099,202.514,377.052,30.479,19.654,189.067,156.173,146.308,164.013,179.988,288.143,192.13,182.859,159.401,175.242,188.956,371.722,80.93,380.274,57.299,163.27,264.614,180.034,151.517,161.169,184.089,162.358,162.285,147.954,169.298,88.012,162.858,192.687,194.519,186.888,33.856,183.166,229.248,275.515,105.158,154.001,210.639,251.656,213.366,178.304,300.672,248.495,186.531,203.421,155.959,183.85,178.488,192.637,177.571,166.763,221.33,157.338,131.909,169.415,260.466,176.301, 
General Cepeda,288.346,176.721,174.461,157.475,248.301,165.759,231.802,159.741,186.645,436.316,155.657,463.319,164.249,498.379,242.652,444.406,170.06,440.483,177.3,284.663,167.893,146.263,320.099,0,181.425,349.255,313.833,303.421,167.978,167.966,181.51,180.903,165.506,260.346,136.445,166.044,168.892,160.826,242.237,203.294,242.076,141.338,340.652,177.009,79.981,168.276,280.417,163.607,163,163.866,161.732,174.646,413.82,374.896,172.348,171.598,137.164,147.91,317.21,167.71,201.451,450.923,242.637,171.044,182.841,223.859,457.888,163.822,272.874,74.663,200.015,135.21,400.481,141.08,191.972,128.513,148.213,157.354,465.852,171.076,376.431,159.442,67.555,149.745, 
Mina,353.386,59.136,56.876,39.89,313.341,81.557,92.619,42.156,69.06,318.731,33.894,345.734,46.664,380.794,103.47,326.821,52.475,322.898,59.715,167.078,75.377,30.055,202.514,181.425,0,256.48,195.315,184.903,26.593,49.448,62.992,62.385,81.488,167.571,52.204,77.825,50.374,42.322,136.435,269.36,123.558,240.347,222.134,58.491,124.687,29.558,161.899,43.196,21.288,43.455,41.321,56.128,295.302,256.378,53.83,10.284,54.592,47.925,198.692,78.132,108.676,330.679,124.119,52.526,90.067,131.084,339.37,77.849,180.1,108.568,81.497,63.495,281.963,56.482,73.454,73.911,39.353,44.549,347.334,52.558,257.913,64.635,120.539,55.652, 
Hidalgo,243.746,226.352,245.752,228.765,203.701,215.912,304.685,228.396,243.598,341.185,228.54,309.744,235.54,221.239,315.535,318.652,241.351,337.748,234.253,279.648,204.306,255.965,377.052,349.255,256.48,0,335.183,324.771,245.704,239.873,236.426,224.384,216.316,90.317,230.785,203.306,240.799,235.381,144.383,146.674,263.426,381.84,362.002,226.827,284.796,243.372,219.461,227.16,240.726,223.094,228.276,237.084,365.987,367.238,244.255,249.324,222.874,233.197,338.56,203.613,149.771,195.27,314.544,242.951,179.402,128.725,301.872,214.632,77.884,277.281,189.928,239.93,356.598,208.751,199.627,221.332,223.505,214.207,333.84,223.293,344.325,214.876,289.252,202.338, 
Los Guerra,426.998,153.248,157.395,161.135,386.953,169.608,161.4,161.921,130.515,164.978,168.427,191.981,167.909,227.041,238.309,173.068,145.784,169.145,142.331,85.797,170.922,179.007,30.479,313.833,195.315,335.183,0,11.246,180.697,147.802,137.938,155.642,171.617,279.773,183.76,174.489,151.03,166.872,180.586,363.352,72.559,371.904,28.249,154.9,256.244,171.664,98.205,152.799,175.719,153.988,153.915,139.583,140.249,58.963,154.487,184.317,186.149,178.518,4.807,174.796,220.878,246.466,133.998,145.63,202.269,243.286,184.317,169.933,292.302,240.125,178.161,195.051,126.91,175.48,170.118,184.267,169.201,158.392,192.281,148.967,102.86,161.044,252.096,167.931, 
Mier,416.586,142.836,146.983,150.723,376.541,159.196,150.575,151.509,120.103,174.795,158.015,201.798,157.497,236.858,163.553,182.885,135.372,178.962,131.919,88.275,160.51,168.595,19.654,303.421,184.903,324.771,11.246,0,170.307,137.412,127.548,145.252,161.227,269.383,173.37,164.099,140.64,156.482,170.196,352.962,62.169,361.514,38.078,144.51,245.854,161.274,132.757,142.409,165.329,143.598,143.525,129.193,150.077,68.791,144.097,173.927,175.759,168.128,14.635,164.406,210.488,256.294,123.422,135.24,191.879,232.896,194.145,159.543,281.912,229.735,167.771,184.661,136.738,165.09,159.728,173.877,158.811,148.002,202.109,138.577,112.688,150.654,241.706,157.541, 
Las Torres,339.939,45.689,25.959,26.443,299.894,68.11,66.729,22.665,41.312,305.284,20.447,332.287,10.515,367.347,77.58,313.374,27.713,309.451,46.268,153.631,61.93,18.6,189.067,167.978,26.593,245.704,180.697,170.307,0,24.66,45.055,44.449,63.552,154.429,39.329,59.889,22.549,11.947,118.499,256.485,105.621,227.472,204.197,40.554,111.812,4.222,143.963,26.943,5.466,27.202,25.068,31.34,277.366,238.442,26.006,17.321,41.717,35.05,180.755,60.196,95.534,312.743,91.293,27.738,76.925,117.942,321.434,59.912,166.958,95.693,63.561,50.62,264.027,45.254,55.518,61.036,26.478,33.198,329.398,34.621,239.977,46.698,107.664,42.51, 
Villas de Alcal,339.927,33.157,11.613,15.269,299.882,55.578,81.677,15.926,18.263,292.753,22.432,319.756,18.365,354.816,92.527,300.843,4.664,296.92,22.896,141.1,49.398,33.14,156.173,167.966,49.448,239.873,147.802,137.412,24.66,0,30.26,38.19,57.293,149.841,39.491,53.63,5.291,20.247,112.24,256.647,76.163,227.634,174.74,34.295,111.974,19.652,137.704,20.683,31.449,20.942,18.808,8.819,271.107,232.183,8.748,40.047,41.88,33.393,151.298,53.937,90.946,306.484,74.962,5.217,72.337,113.354,315.175,53.653,162.37,95.855,57.302,50.782,257.768,38.995,49.259,61.198,24.821,26.939,323.139,28.362,233.718,40.439,107.826,37.922, 
Pesquera,353.471,20.925,45.798,28.812,313.426,37.285,111.122,29.598,12.854,281.953,36.104,308.956,35.586,344.016,121.972,290.043,28.123,286.12,9.223,130.3,38.599,46.684,146.308,181.51,62.992,236.426,137.938,127.548,45.055,30.26,0,23.76,39.735,147.891,51.878,42.607,37.209,34.99,101.217,231.47,66.22,240.022,164.796,23.018,124.362,39.782,126.681,20.917,43.837,22.106,22.033,22.016,260.084,195.51,40.665,52.435,54.267,46.636,141.354,42.914,88.996,295.461,110.954,28.063,70.387,111.404,304.152,38.051,160.42,108.243,46.279,63.169,246.745,43.598,38.236,52.385,37.319,26.51,312.116,17.085,222.695,29.162,120.214,36.049, 
Loma la Paz,316.199,6.915,45.192,28.206,276.154,17.416,110.516,28.991,30.558,262.31,35.497,289.313,34.98,324.373,121.366,270.4,40.791,266.477,21.213,110.657,12.613,46.077,164.013,180.903,62.385,224.384,155.642,145.252,44.449,38.19,23.76,0,19.285,136.495,50.184,12.701,35.514,33.295,83.323,220.074,82.362,238.327,180.938,6.259,122.667,38.087,108.787,15.62,42.142,16.809,16.736,26.426,242.19,203.266,38.97,50.74,52.572,44.941,157.496,18.971,61.941,277.567,109.259,37.666,58.991,100.008,286.258,17.601,149.024,106.548,28.385,61.475,228.851,32.202,10.072,40.989,35.624,23.037,294.222,15.803,204.801,14.009,118.519,24.653, 
Monte Kristal,308.131,19.47,64.295,47.309,268.086,1.404,129.619,48.094,46.533,266.833,54.6,293.836,54.083,328.896,140.469,274.923,59.894,271,37.188,115.18,9.906,65.18,179.988,165.506,81.488,216.316,171.617,161.227,63.552,57.293,39.735,19.285,0,127.213,71.384,4.843,56.714,54.495,83.301,210.792,98.061,226.144,196.637,19.938,110.484,59.287,108.765,28.346,63.342,29.535,29.462,42.125,242.168,203.244,60.17,71.94,39.499,66.141,173.195,3.644,68.318,277.545,130.459,58.866,36.202,90.726,286.236,2.743,139.742,94.365,28.364,56.245,228.829,28.861,7.603,37.648,56.824,28.012,294.2,24.479,204.779,11.488,106.336,20.218, 
Hualahuises,170.86,137.443,156.843,139.856,130.815,127.003,215.776,139.487,154.689,342.392,139.631,312.955,146.631,224.45,226.626,350.482,152.442,346.559,145.344,190.739,115.397,167.056,288.143,260.346,167.571,90.317,279.773,269.383,154.429,149.841,147.891,136.495,127.213,0,141.813,114.334,151.828,146.41,55.411,84.893,174.454,320.089,273.03,137.856,204.429,154.401,130.489,138.189,151.755,134.123,139.305,148.113,317.19,278.266,155.284,160.353,133.902,144.225,249.588,114.641,60.799,198.083,225.573,153.98,90.43,39.753,306.827,125.661,13.842,188.31,100.956,150.959,303.851,119.78,110.655,132.361,134.534,125.236,369.222,134.322,279.801,125.905,200.281,113.367, 
Valle de Lincoln,308.406,48.753,46.493,29.507,268.361,71.174,103.834,31.773,58.676,308.348,27.689,335.351,36.281,370.411,114.684,316.438,42.092,312.515,49.331,156.695,64.994,18.295,192.13,136.445,52.204,230.785,183.76,173.37,39.329,39.491,51.878,50.184,71.384,141.813,0,69.74,42.289,34.223,128.35,228.943,115.473,199.93,214.049,50.406,84.27,41.673,153.814,37.004,36.397,37.263,35.129,48.043,287.217,248.293,45.745,44.995,10.055,21.307,190.607,70.047,84.311,322.594,116.034,44.441,65.702,106.719,331.285,69.764,155.735,68.151,73.412,14.609,273.878,27.88,65.369,23.531,21.698,30.273,339.249,44.473,249.828,56.55,80.122,31.588, 
Hctor Caballero,295.121,20.008,60.632,43.646,255.076,4.633,125.956,44.431,49.405,263.17,50.937,290.173,50.42,325.233,136.806,271.26,56.231,267.337,40.06,111.517,10.419,61.517,182.859,166.044,77.825,203.306,174.489,164.099,59.889,53.63,42.607,12.701,4.843,114.334,69.74,0,53.09,50.871,79.677,211.254,101.931,226.606,200.507,17.61,110.946,55.663,105.141,37.212,59.718,38.401,38.328,43.493,238.544,199.62,56.546,68.316,39.961,62.517,177.065,5.173,54.959,273.921,126.835,55.242,32.578,91.188,282.612,6.64,140.204,94.827,24.74,79.051,225.205,29.323,3.687,38.11,53.2,28.474,290.576,33.38,201.155,11.95,106.798,20.68, 
Real del Sol,340.853,34.083,6.58,16.195,300.808,56.504,79.566,16.852,21.491,293.679,23.358,320.682,17.668,355.742,90.416,301.769,7.892,297.846,34.662,142.026,50.324,34.066,159.401,168.892,50.374,240.799,151.03,140.64,22.549,5.291,37.209,35.514,56.714,151.828,42.289,53.09,0,17.601,113.476,257.883,79.871,228.87,178.448,35.531,113.21,14.733,138.94,21.919,24.402,22.178,20.044,12.527,272.343,233.419,3.828,41.283,43.116,34.629,155.006,55.173,92.182,307.72,70.042,8.925,73.573,114.59,316.411,54.889,163.606,97.091,58.538,52.018,259.004,40.231,50.495,62.434,26.057,28.175,324.375,29.598,234.954,41.675,109.062,39.158, 
Emiliano Zapata,332.787,31.864,23.367,16.755,292.742,54.285,72.979,15.9,41.788,291.46,12.569,318.463,1.761,353.523,83.829,299.55,22.848,295.627,32.443,139.807,48.105,26,175.242,160.826,42.322,235.381,166.872,156.482,11.947,20.247,34.99,33.295,54.495,146.41,34.223,50.871,17.601,0,110.083,254.49,97.205,225.477,195.781,32.138,109.817,8.354,135.547,18.527,19.165,18.786,16.652,27.329,268.95,230.026,21.995,29.935,39.723,25.952,172.339,51.78,88.789,304.327,87.281,23.727,70.18,111.197,313.018,51.496,160.213,93.698,55.145,48.625,255.611,36.838,47.102,59.041,17.38,24.782,320.982,26.205,231.561,38.282,105.669,35.765, 
Ciudad General Tern,236.198,88.777,119.242,102.256,196.153,83.091,184.566,103.041,108.015,257.074,109.547,296.261,109.03,207.756,195.416,265.164,114.841,261.241,98.67,103.83,76.911,120.127,188.956,242.237,136.435,144.383,180.586,170.196,118.499,112.24,101.217,83.323,83.301,55.411,128.35,79.677,113.476,110.083,0,139.111,108.838,301.903,221.469,84.342,186.243,113.406,75.155,94.954,117.46,96.143,96.07,101.235,232.843,193.919,114.289,126.058,115.716,120.259,183.972,80.631,42.613,208.764,184.578,112.985,72.245,17.867,276.911,90.532,68.061,170.124,60.246,132.773,219.504,101.594,75.916,114.175,110.942,107.05,284.875,91.122,195.454,86.94,182.095,95.181, 
Galeana,112.393,221.022,263.649,246.663,72.348,210.582,320.99,248.929,238.268,425.971,244.845,374.58,253.437,286.075,331.84,383.488,259.248,430.138,228.923,274.318,198.976,235.451,371.722,203.294,269.36,146.674,363.352,352.962,256.485,256.647,231.47,220.074,210.792,84.893,228.943,211.254,257.883,254.49,139.111,0,258.437,250.553,357.013,221.838,153.509,254.211,214.472,249.542,248.935,249.801,247.667,260.581,401.173,362.249,258.283,257.533,223.099,233.845,333.571,198.624,144.782,257.536,328.572,256.979,174.413,123.736,368.977,209.643,75.992,179.81,184.939,221.145,387.834,203.762,194.638,214.448,234.148,209.218,400.945,218.304,363.784,209.887,167.199,197.349, 
Ciudad Cerralvo,355.241,81.491,85.637,89.378,315.196,97.851,155.701,90.164,58.757,236.108,96.67,263.111,96.152,298.171,166.551,244.198,74.026,240.275,70.574,78.823,99.165,107.25,80.93,242.076,123.558,263.426,72.559,62.169,105.621,76.163,66.22,82.362,98.061,174.454,115.473,101.931,79.871,97.205,108.838,258.437,0,300.165,99.504,83.16,184.505,99.925,73.08,81.059,103.98,82.248,82.175,67.844,211.503,130.218,82.748,112.578,114.41,106.779,76.062,103.057,149.138,317.72,91.894,73.891,130.529,171.546,255.571,98.194,220.562,168.386,106.422,123.312,198.164,103.74,98.379,112.527,97.462,86.653,263.535,77.228,174.114,89.305,180.357,96.191, 
Concepcin del Oro,293.752,236.896,234.636,217.65,296.534,225.934,291.977,219.916,246.82,496.491,215.832,523.494,224.424,558.554,302.827,504.581,230.235,500.658,237.475,344.838,228.068,206.438,380.274,141.338,240.347,381.84,371.904,361.514,227.472,227.634,240.022,238.327,226.144,320.089,199.93,226.606,228.87,225.477,301.903,250.553,300.165,0,400.911,237.268,140.3,228.535,340.676,223.866,223.259,224.125,221.991,234.905,474.079,435.155,232.607,231.857,197.423,208.169,377.469,227.969,261.71,511.182,302.896,231.303,243.1,284.118,518.147,224.081,311.963,134.982,260.274,195.469,460.74,201.339,252.231,188.772,208.472,217.613,526.111,231.335,436.69,219.701,118.493,210.004, 
Ciudad Camargo,453.817,180.067,184.214,187.954,413.772,196.427,188.22,188.74,157.334,135.258,195.246,162.261,194.728,197.321,265.128,143.348,172.603,139.425,169.15,80.031,197.741,205.826,57.299,340.652,222.134,362.002,28.249,38.078,204.197,174.74,164.796,180.938,196.637,273.03,214.049,200.507,178.448,195.781,221.469,357.013,99.504,400.911,0,181.72,283.064,198.484,92.106,179.619,202.539,180.808,180.735,166.403,111.738,30.452,181.307,211.137,212.969,205.338,24.424,201.616,245.346,217.955,160.818,172.45,236.502,237.081,155.806,196.753,317.743,266.945,205.913,221.871,98.399,202.3,196.938,211.087,196.021,185.212,163.77,175.787,74.349,187.864,278.916,194.751, 
Misin San Pablo,318.642,4.652,41.297,24.311,278.597,19.728,106.621,25.097,29.816,267.188,31.603,294.191,31.085,329.251,117.471,275.278,36.896,271.355,20.471,115.535,15.478,42.183,163.27,177.009,58.491,226.827,154.9,144.51,40.554,34.295,23.018,6.259,19.938,137.856,50.406,17.61,35.531,32.138,84.342,221.838,83.16,237.268,181.72,0,122.66,38.08,113.785,13.558,42.135,14.747,14.674,23.007,247.188,208.264,38.963,50.733,52.565,38.026,158.049,24.049,81.105,282.565,109.252,37.659,62.496,103.513,291.256,18.48,152.529,106.541,33.383,61.468,233.849,35.707,15.15,44.494,29.454,19.117,299.22,9.691,209.799,14.888,118.512,28.158, 
Arteaga,239.535,121.236,118.976,101.99,199.49,110.274,176.317,104.256,131.16,380.831,100.172,407.834,108.764,442.894,187.167,388.921,114.575,384.998,121.815,229.178,112.408,90.778,264.614,79.981,124.687,284.796,256.244,245.854,111.812,111.974,124.362,122.667,110.484,204.429,84.27,110.946,113.21,109.817,186.243,153.509,184.505,140.3,283.064,122.66,0,109.117,221.258,104.448,103.841,104.707,102.573,115.487,354.661,315.737,113.189,112.439,78.005,88.751,258.051,108.551,142.292,391.764,183.478,111.885,123.682,164.7,398.729,104.663,215.064,23.332,140.856,76.051,341.322,81.921,132.813,69.354,89.054,98.195,406.693,111.917,317.272,100.283,14.874,90.586, 
Salinas Victoria,340.237,36.656,20.499,18.767,300.192,59.077,63.799,19.425,35.852,296.252,20.02,323.255,7.275,358.315,74.65,304.342,22.253,300.419,37.235,144.599,52.897,33.45,180.034,168.276,29.558,243.372,171.664,161.274,4.222,19.652,39.782,38.087,59.287,154.401,41.673,55.663,14.733,8.354,113.406,254.211,99.925,228.535,198.484,38.08,109.117,0,141.159,24.139,8.439,24.398,22.264,25.563,274.562,235.638,20.229,20.294,43.428,33.937,168.042,57.392,94.087,309.939,85.516,21.961,75.478,116.495,318.63,57.108,165.511,97.404,60.757,52.331,261.223,41.892,52.714,62.747,25.365,30.394,326.594,31.817,237.173,43.894,109.375,41.063, 
China,311.276,114.241,144.706,127.72,271.231,108.555,210.03,128.505,133.479,170.313,135.011,197.316,134.494,168.051,220.88,178.403,140.305,174.48,124.134,12.465,102.375,145.591,151.517,280.417,161.899,219.461,98.205,132.757,143.963,137.704,126.681,108.787,108.765,130.489,153.814,105.141,138.94,135.547,75.155,214.472,73.08,340.676,92.106,113.785,221.258,141.159,0,124.395,146.901,125.584,125.511,130.676,146.124,107.2,143.73,155.499,157.332,149.7,99.467,110.072,129.12,169.921,214.019,142.426,120.276,92.936,190.192,119.973,143.13,211.307,89.687,166.234,132.785,134.574,105.357,143.361,140.383,125.409,198.156,120.563,108.735,116.381,223.278,127.025, 
Ex-Hacienda Santa Rosa,335.568,12.133,27.685,10.699,295.523,28.136,91.037,6.56,27.715,277.8,14.892,304.803,17.474,339.863,101.887,285.89,23.284,281.967,18.37,126.147,34.446,28.781,161.169,163.607,43.196,227.16,152.799,142.409,26.943,20.683,20.917,15.62,28.346,138.189,37.004,37.212,21.919,18.527,94.954,249.542,81.059,223.866,179.619,13.558,104.448,24.139,124.395,0,27.512,1.689,2.935,26.387,255.309,216.385,24.089,36.11,31.95,26.353,157.269,38.139,79.71,290.686,94.378,22.785,61.101,102.118,299.377,29.554,151.134,91.918,41.504,46.845,241.97,32.441,33.461,57.261,17.781,10.383,307.341,6.762,217.92,19.877,103.889,26.763, 
Carmen,334.961,40.711,30.168,21.465,294.916,63.132,70.938,23.731,50.635,300.306,15.469,327.309,14.724,362.369,81.789,308.396,34.05,304.473,41.29,148.653,56.952,13.295,184.089,163,21.288,240.726,175.719,165.329,5.466,31.449,43.837,42.142,63.342,151.755,36.397,59.718,24.402,19.165,117.46,248.935,103.98,223.259,202.539,42.135,103.841,8.439,146.901,27.512,0,25.601,23.467,38.274,277.448,238.524,29.883,12.015,36.738,30.071,180.838,60.278,90.822,312.825,95.17,34.672,72.213,113.23,321.516,59.995,162.246,90.714,63.643,45.641,264.109,38.628,55.6,56.057,21.499,26.695,329.48,34.704,240.059,46.781,102.685,37.798, 
Prados de Santa Rosa,335.827,13.322,27.944,10.958,295.782,29.325,91.296,6.819,28.904,278.989,15.151,305.992,17.733,341.052,102.146,287.079,23.543,283.156,19.559,127.336,35.635,29.04,162.358,163.866,43.455,223.094,153.988,143.598,27.202,20.942,22.106,16.809,29.535,134.123,37.263,38.401,22.178,18.786,96.143,249.801,82.248,224.125,180.808,14.747,104.707,24.398,125.584,1.689,25.601,0,3.513,26.965,257.74,218.816,24.667,36.688,32.528,26.931,159.7,40.57,78.659,293.117,94.956,23.363,60.05,101.067,301.808,28.503,150.083,92.496,43.935,47.423,244.401,26.564,35.892,57.839,18.359,10.097,309.772,8.469,220.351,18.825,104.467,25.712, 
Santa Rosa,333.693,13.249,25.81,8.824,293.648,29.252,89.162,4.685,28.831,278.916,13.017,305.919,15.599,340.979,100.012,287.006,21.409,283.083,19.486,127.263,35.562,26.906,162.285,161.732,41.321,228.276,153.915,143.525,25.068,18.808,22.033,16.736,29.462,139.305,35.129,38.328,20.044,16.652,96.07,247.667,82.175,221.991,180.735,14.674,102.573,22.264,125.511,2.935,23.467,3.513,0,24.406,257.068,218.144,22.108,34.129,29.97,24.373,158.229,39.898,80.67,292.445,92.397,20.804,62.061,103.078,301.136,30.514,152.094,89.937,43.263,44.864,243.729,30.461,35.22,55.28,15.8,11.941,309.1,7.722,219.679,20.837,101.908,27.723, 
General Zuazua,346.607,21.583,18.293,21.949,306.562,41.915,88.357,22.606,10.044,284.081,29.112,311.084,25.045,346.144,99.207,292.171,6.682,288.248,13.627,132.428,40.727,39.82,147.954,174.646,56.128,237.084,139.583,129.193,31.34,8.819,22.016,26.426,42.125,148.113,48.043,43.493,12.527,27.329,101.235,260.581,67.844,234.905,166.403,23.007,115.487,25.563,130.676,26.387,38.274,26.965,24.406,0,260.147,197.176,15.644,46.943,48.776,40.289,143.02,42.977,89.059,295.524,81.858,6.787,70.45,111.467,304.215,38.902,160.483,102.751,46.342,57.678,246.808,43.661,38.299,52.448,31.717,26.573,312.179,17.148,222.758,29.225,114.722,36.112, 
Nuevo Progreso,497.977,247.644,278.109,261.123,457.932,241.958,343.433,261.908,266.882,27.752,268.414,70.398,267.897,146.991,354.283,51.486,273.708,31.92,257.537,133.56,235.778,278.994,169.298,413.82,295.302,365.987,140.249,150.077,277.366,271.107,260.084,242.19,242.168,317.19,287.217,238.544,272.343,268.95,232.843,401.173,211.503,474.079,111.738,247.188,354.661,274.562,146.124,255.309,277.448,257.74,257.068,260.147,0,83.404,272.831,284.6,286.433,278.801,136.849,239.173,258.22,168.704,343.12,271.527,249.376,249.955,64.482,249.073,330.617,340.408,218.787,295.335,19.319,263.675,234.458,272.462,269.484,254.51,56.67,249.664,38.963,245.481,352.379,256.126, 
Ciudad Gustavo Daz Ordaz,459.053,208.72,239.185,222.199,419.008,203.034,304.509,222.984,188.048,107.708,229.49,134.711,228.973,169.771,315.359,115.798,203.317,111.875,218.613,94.636,196.854,240.07,88.012,374.896,256.378,367.238,58.963,68.791,238.442,232.183,195.51,203.266,203.244,278.266,248.293,199.62,233.419,230.026,193.919,362.249,130.218,435.155,30.452,208.264,315.737,235.638,107.2,216.385,238.524,218.816,218.144,197.176,83.404,0,232.579,244.348,246.181,238.549,56.519,198.921,217.968,190.577,192.913,231.275,209.124,209.703,128.428,208.821,290.365,300.156,178.535,255.083,71.021,223.423,194.206,232.21,229.232,214.258,136.392,209.412,46.971,205.229,312.127,215.874, 
Cinega de Flores,344.309,37.539,4.504,19.651,304.264,59.96,83.023,20.308,24.948,297.135,26.814,324.138,21.125,359.198,93.873,305.225,11.349,301.302,38.118,145.482,53.78,37.522,162.858,172.348,53.83,244.255,154.487,144.097,26.006,8.748,40.665,38.97,60.17,155.284,45.745,56.546,3.828,21.995,114.289,258.283,82.748,232.607,181.307,38.963,113.189,20.229,143.73,24.089,29.883,24.667,22.108,15.644,272.831,232.579,0,44.383,46.216,37.729,158.106,58.273,95.282,310.82,68.052,12.025,76.673,117.69,319.511,57.989,166.706,100.191,61.638,55.118,262.104,43.331,53.595,65.534,29.157,31.275,327.475,32.698,238.054,44.775,112.162,42.258, 
Hidalgo,343.559,49.309,47.049,30.063,303.514,71.73,82.793,32.329,59.233,308.904,24.067,335.907,36.837,370.967,93.644,316.994,42.648,313.071,49.888,157.251,65.55,20.229,192.687,171.598,10.284,249.324,184.317,173.927,17.321,40.047,52.435,50.74,71.94,160.353,44.995,68.316,41.283,29.935,126.058,257.533,112.578,231.857,211.137,50.733,112.439,20.294,155.499,36.11,12.015,36.688,34.129,46.943,284.6,244.348,44.383,0,45.717,39.05,189.818,69.258,99.802,321.805,115.245,43.652,81.193,122.21,330.496,68.975,171.226,99.693,72.623,54.62,273.089,47.608,64.58,65.036,30.478,35.675,338.46,43.684,249.039,55.761,111.664,46.778, 
Villas del Poniente,309.125,51.141,48.882,31.896,269.08,39.289,106.222,28.151,61.065,310.737,30.077,337.74,38.67,372.8,117.072,318.827,44.481,314.904,51.72,159.084,41.423,20.684,194.519,137.164,54.592,222.874,186.149,175.759,41.717,41.88,54.267,52.572,39.499,133.902,10.055,39.961,43.116,39.723,115.716,223.099,114.41,197.423,212.969,52.565,78.005,43.428,157.332,31.95,36.738,32.528,29.97,48.776,286.433,246.181,46.216,45.717,0,15.267,189.188,68.628,75.37,321.175,114.615,43.022,56.761,97.778,329.866,37.684,146.794,65.055,71.993,19.208,272.459,18.939,63.95,20.435,15.503,21.332,337.83,43.054,248.409,33.304,77.026,22.647, 
Parque Industrial Ciudad Mitras,319.871,36.601,40.395,23.409,279.826,65.931,96.731,22.554,53.434,303.105,20.586,330.108,30.183,365.168,107.581,311.195,35.994,307.272,44.089,151.452,59.751,13.079,186.888,147.91,47.925,233.197,178.518,168.128,35.05,33.393,46.636,44.941,66.141,144.225,21.307,62.517,34.629,25.952,120.259,233.845,106.779,208.169,205.338,38.026,88.751,33.937,149.7,26.353,30.071,26.931,24.373,40.289,278.801,238.549,37.729,39.05,15.267,0,189.153,68.593,81.18,321.14,114.58,42.987,62.571,103.588,329.831,43.494,152.604,64.118,71.958,19.173,272.424,24.749,63.915,19.498,18.568,27.142,337.795,43.019,248.374,55.096,76.089,28.457, 
Ciudad Miguel Alemn,430.375,156.625,160.772,164.512,390.33,172.985,164.777,165.298,133.892,161.153,171.804,188.156,171.286,223.216,241.686,169.243,149.161,165.32,145.708,86.903,174.299,182.384,33.856,317.21,198.692,338.56,4.807,14.635,180.755,151.298,141.354,157.496,173.195,249.588,190.607,177.065,155.006,172.339,183.972,333.571,76.062,377.469,24.424,158.049,258.051,168.042,99.467,157.269,180.838,159.7,158.229,143.02,136.849,56.519,158.106,189.818,189.188,189.153,0,178.174,224.256,242.64,137.376,149.008,205.647,246.664,180.491,173.311,295.68,243.503,181.539,198.429,123.084,178.858,173.496,187.645,172.579,161.77,188.455,152.345,99.034,164.422,255.474,171.309, 
Arboledas de San Roque,295.428,24.505,60.939,43.953,255.383,3.609,126.263,44.738,49.712,263.477,51.244,290.48,50.727,325.54,137.113,271.567,56.538,267.644,40.367,111.824,16.364,61.824,183.166,167.71,78.132,203.613,174.796,164.406,60.196,53.937,42.914,18.971,3.644,114.641,70.047,5.173,55.173,51.78,80.631,198.624,103.057,227.969,201.616,24.049,108.551,57.392,110.072,38.139,60.278,40.57,39.898,42.977,239.173,198.921,58.273,69.258,68.628,68.593,178.174,0,55.224,274.186,127.1,55.507,32.843,78.605,282.877,6.26,127.621,110.243,25.005,79.316,225.47,44.739,9.545,53.526,53.465,35.574,290.841,33.645,201.42,13.524,122.214,22.254, 
