LOCALIDADES,Jos Mara Pino Surez (Nuevo Nahuapa),Sentispac,Jess Mara,Mecatn,Rosa Blanca,Coamiles,La Labor,Guadalupe Victoria,Villa Jurez,Amatln de Caas,Cruz de Huanacaxtle,El Tuito,Pantanal,Pozo de Ibarra,Rosamorada,San Pedro Lagunillas,Jomulco,Yago,Las Palmas de Arriba,Jalcocotn,La Presa,San Cayetano,Santa Mara del Oro,San Vicente,Zacualpan,Jala,El Porvenir,Las Jarretaderas,Ahuacatln,Francisco I. Madero (Puga),Valle de Banderas,Mascota,Talpa de Allende,Tomatln,Las Juntas,La Peita de Jaltemba,Villa Hidalgo,San Blas,San Juan de Abajo,Buceras,Ruz,Las Varas,San Vicente,Compostela,Santiago Ixcuintla,Mezcales,Tuxpan,San Jos del Valle,Ixtln del Ro,Ixtapa,Xalisco,Puerto Vallarta,Tepic, 
Jos Mara Pino Surez (Nuevo Nahuapa),0,309.039,459.334,275.905,310.682,329.414,277.841,269.079,315.283,256.713,123.322,45.98,256.034,304.152,340.695,241.157,293.192,308.633,128.841,248.201,290.515,263.329,295.251,334.635,196.364,291.266,116.584,107.249,280.376,276.866,124.784,195.976,224.709,14.083,104.701,167.125,282.346,253.875,125.891,116.955,320.828,186.954,116.007,224.344,292.407,110.252,332.757,119.127,293.124,108.777,252.846,96.433,260.714, 
Sentispac,309.039,0,185.323,62.322,170.432,23.105,103.896,40.963,24.799,199.341,189.682,262.549,89.655,15.365,60.221,134.598,152.942,38.095,175.865,100.737,19.459,89.384,121.306,30.077,113.86,151.016,203.59,202.467,156.769,95.728,204.208,297.647,326.38,317.327,206.372,142.92,27.869,58.211,175.89,192.588,42.997,122.017,203.014,114.745,18.166,199.152,28.199,206.133,160.647,210.448,84.16,216.589,81.797, 
Jess Mara,459.334,185.323,0,204.836,292.075,156.402,225.539,190.743,190.617,320.984,338.92,411.787,211.298,163.769,163.084,256.241,274.585,148.568,325.104,222.38,168.738,211.027,242.949,161.623,258.354,272.659,352.828,351.705,278.412,217.371,353.446,446.885,475.618,466.565,355.61,292.158,177.649,207.274,325.129,341.826,141.734,271.872,352.252,236.388,166.97,348.39,159.745,355.371,282.29,359.686,205.803,365.827,203.44, 
Mecatn,275.905,62.322,204.836,0,133.393,76.572,66.856,44.706,68.475,162.302,140.365,213.232,52.616,57.344,87.854,97.559,115.903,55.792,126.548,11.694,43.24,52.344,84.266,81.793,64.543,113.977,154.273,153.15,119.73,58.607,154.891,248.33,277.063,268.01,157.055,93.603,42.246,29.502,126.573,143.271,67.987,72.7,153.697,77.706,45.599,149.835,79.915,156.816,123.608,161.131,47.121,167.272,44.676, 
Rosa Blanca,310.682,170.432,292.075,133.393,0,161.944,83.175,164.928,175.2,73.034,190.945,263.812,90.844,169.311,173.225,73.344,19.121,141.163,177.128,122.016,147,87.528,68.571,167.165,132.685,20.015,204.853,203.729,30.462,99.844,205.471,212.736,208.954,318.59,207.635,144.183,151.833,163.579,177.153,193.851,153.358,123.897,204.277,89.117,151.553,200.415,165.287,207.396,35.022,211.711,91.358,217.852,89.578, 
Coamiles,329.414,23.105,156.402,76.572,161.944,0,96.668,57.026,50.747,192.113,210.049,282.916,82.427,7.768,24.566,127.37,145.714,30.867,196.233,93.509,28.868,82.156,114.078,8.294,129.923,143.788,223.957,222.834,149.541,88.5,224.575,318.014,346.747,337.694,226.739,163.287,43.932,74.274,196.258,212.955,14.802,143.001,223.381,107.517,27.1,219.519,6.416,226.5,153.419,230.815,76.932,236.956,74.569, 
La Labor,277.841,103.896,225.539,66.856,83.175,96.668,0,115.723,125.995,97.335,175.271,248.138,26.669,120.106,124.02,44.564,50.936,91.958,161.454,72.811,97.795,21.534,19.131,117.96,117.01,49.01,189.178,188.055,54.763,50.639,189.796,173.594,233.255,302.916,191.961,128.509,102.628,114.374,161.479,178.176,104.153,108.223,188.602,72.738,102.348,184.74,116.082,191.721,58.641,196.037,42.153,202.178,40.373, 
Guadalupe Victoria,269.079,40.963,190.743,44.706,164.928,57.026,115.723,0,47.064,208.586,149.579,222.446,98.9,35.933,72.523,136.139,162.187,41.185,135.762,56.839,22.296,98.628,130.55,62.298,73.757,160.261,163.487,162.364,166.014,104.891,164.105,257.544,286.277,277.224,166.269,102.817,14.127,18.108,135.787,152.485,55.299,81.914,162.911,119.327,24.188,159.049,60.42,166.03,169.892,170.345,93.405,176.486,90.96, 
Villa Jurez,315.283,24.799,190.617,68.475,175.2,50.747,125.995,47.064,0,205.406,195.747,268.614,95.72,35.976,66.286,140.663,159.007,44.16,181.93,106.802,25.524,95.449,127.371,56.06,119.925,157.081,209.655,208.532,162.834,101.793,210.273,303.712,332.445,323.392,212.437,148.985,33.934,64.276,181.955,198.653,49.062,128.082,209.079,120.81,24.231,205.217,54.182,212.198,166.712,216.513,90.225,222.654,87.862, 
Amatln de Caas,256.713,199.341,320.984,162.302,73.034,192.113,97.335,208.586,205.406,0,204.885,212.532,121.156,199.623,203.537,87.284,55.476,171.475,130.961,152.328,177.312,117.84,98.883,197.477,146.625,53.55,218.793,217.669,43.773,130.156,219.411,140.248,136.466,267.31,154.813,158.123,182.145,193.891,191.093,207.791,183.67,137.837,218.217,103.057,181.865,214.355,195.599,221.336,52.6,151.365,121.67,166.572,119.89, 
Cruz de Huanacaxtle,123.322,189.682,338.92,140.365,190.945,210.049,175.271,149.579,195.747,204.885,0,76.614,137.307,185.425,221.968,122.43,174.465,189.906,44.577,129.474,171.788,144.602,176.524,215.908,77.637,172.539,17.654,16.531,161.649,158.139,18.272,111.712,140.445,131.392,20.437,48.398,163.619,135.148,26.961,6.652,202.101,68.227,17.078,105.617,173.68,13.216,214.03,20.197,174.397,24.513,134.119,30.654,141.987, 
El Tuito,45.98,262.549,411.787,213.232,263.812,282.916,248.138,222.446,268.614,212.532,76.614,0,210.872,258.99,295.533,195.995,248.03,263.471,83.679,203.039,245.353,218.167,250.089,289.473,151.202,246.104,71.422,62.087,235.214,231.704,79.622,150.814,179.547,55.295,59.539,121.963,237.184,208.713,80.729,71.793,275.666,141.792,70.845,179.182,247.245,65.09,287.595,73.965,247.962,63.615,207.684,51.271,215.552, 
Pantanal,256.034,89.655,211.298,52.616,90.844,82.427,26.669,98.9,95.72,121.156,137.307,210.872,0,89.624,93.538,54.014,73.483,61.476,122.877,42.329,67.313,6.474,41.847,87.478,78.434,71.557,150.602,149.478,77.31,23.949,151.22,244.659,273.392,264.339,153.384,89.932,72.146,83.892,122.902,139.6,73.671,69.646,150.026,34.161,71.866,146.164,85.6,153.145,81.188,157.46,5.688,163.601,13.684, 
Pozo de Ibarra,304.152,15.365,163.769,57.344,169.311,7.768,120.106,35.933,35.976,199.623,185.425,258.99,89.624,0,31.932,128.383,146.727,31.88,170.833,94.522,14.427,83.169,115.091,14.739,108.828,144.801,198.558,197.435,150.554,89.513,199.176,292.615,321.348,312.295,201.34,137.888,22.837,53.179,170.858,187.556,22.168,116.985,197.982,108.53,11.954,194.12,12.861,201.101,154.432,205.416,77.945,211.557,75.582, 
Rosamorada,340.695,60.221,163.084,87.854,173.225,24.566,124.02,72.523,66.286,203.537,221.968,295.533,93.538,31.932,0,138.978,157.322,39.92,207.841,105.117,44.313,93.764,125.686,27.975,141.091,155.396,235.565,234.442,161.149,100.108,236.183,329.622,358.355,349.302,238.347,174.895,59.377,89.719,207.866,224.563,25.127,154.609,234.989,119.125,42.545,231.127,27.908,238.108,165.027,242.423,88.54,248.564,86.177, 
San Pedro Lagunillas,241.157,134.598,256.241,97.559,73.344,127.37,44.564,136.139,140.663,87.284,122.43,195.995,54.014,128.383,138.978,0,56.664,109.437,107.948,90.29,115.274,64.133,48.122,135.439,63.505,54.738,135.673,134.549,43.848,77.67,136.291,229.73,258.463,249.41,138.455,75.003,120.107,121.016,107.973,124.671,121.632,54.717,135.097,19.937,119.827,131.235,133.561,138.216,56.596,142.531,53.649,148.672,61.518, 
Jomulco,293.192,152.942,274.585,115.903,19.121,145.714,50.936,162.187,159.007,55.476,174.465,248.03,73.483,146.727,157.322,56.664,0,122.557,158.522,103.41,128.394,68.922,49.965,148.559,114.079,2.412,186.247,185.123,11.856,81.238,186.865,194.13,190.348,299.984,189.029,125.577,133.227,144.973,158.547,175.245,134.752,105.291,185.671,70.511,132.947,181.809,146.681,188.79,16.416,193.105,72.752,199.246,70.972, 
Yago,308.633,38.095,148.568,55.792,141.163,30.867,91.958,41.185,44.16,171.475,189.906,263.471,61.476,31.88,39.92,109.437,122.557,0,176.189,73.465,22.233,62.112,94.034,36.077,109.439,123.744,203.913,202.79,129.497,68.456,204.531,297.97,326.703,317.65,206.695,143.243,28.029,58.371,176.214,192.911,18.53,122.957,203.337,87.473,20.465,199.475,34.199,206.456,133.375,210.771,56.888,216.912,54.525, 
Las Palmas de Arriba,128.841,175.865,325.104,126.548,177.128,196.233,161.454,135.762,181.93,130.961,44.577,83.679,122.877,170.833,207.841,107.948,158.522,176.189,0,114.867,157.181,129.996,161.918,201.302,63.03,157.933,37.529,28.195,147.043,143.533,45.729,68.099,96.832,137.127,24.63,88.071,149.012,120.541,23.242,37.901,187.495,53.621,36.952,91.011,159.073,31.198,199.424,40.072,159.791,21.181,119.512,36.389,127.381, 
Jalcocotn,248.201,100.737,222.38,11.694,122.016,93.509,72.811,56.839,106.802,152.328,129.474,203.039,42.329,94.522,105.117,90.29,103.41,73.465,114.867,0,78.535,41.86,73.782,98.7,52.922,103.493,142.652,141.529,109.246,48.123,143.27,236.709,265.442,256.389,145.434,81.982,70.106,41.635,114.952,131.65,84.893,61.079,142.076,67.222,83.088,138.214,96.822,145.195,113.124,149.51,36.637,155.651,34.192, 
La Presa,290.515,19.459,168.738,43.24,147,28.868,97.795,22.296,25.524,177.312,171.788,245.353,67.313,14.427,44.313,115.274,128.394,22.233,157.181,78.535,0,67.148,99.07,34.048,95.192,128.78,184.922,183.799,134.533,73.492,185.54,278.979,307.712,298.659,187.704,124.252,9.201,39.543,157.222,173.92,27.05,103.349,184.346,92.509,2.683,180.484,32.17,187.465,138.411,191.78,61.924,197.921,59.561, 
San Cayetano,263.329,89.384,211.027,52.344,87.528,82.156,21.534,98.628,95.449,117.84,144.602,218.167,6.474,83.169,93.764,64.133,68.922,62.112,129.996,41.86,67.148,0,35.373,87.18,86.23,65.083,158.398,157.275,70.836,19.859,159.016,252.456,281.189,272.136,161.181,97.729,71.848,83.594,130.699,147.396,73.373,77.443,157.822,41.958,71.568,153.96,85.302,160.941,74.714,165.257,11.373,171.398,9.593, 
Santa Mara del Oro,295.251,121.306,242.949,84.266,68.571,114.078,19.131,130.55,127.371,98.883,176.524,250.089,41.847,115.091,125.686,48.122,49.965,94.034,161.918,73.782,99.07,35.373,0,118.793,117.843,50.375,190.011,188.888,56.128,51.472,190.629,284.069,234.62,303.749,192.794,129.342,103.461,115.207,162.312,179.009,104.986,109.056,189.435,73.571,103.181,185.573,116.915,192.554,60.006,196.87,42.986,203.011,41.206, 
San Vicente,334.635,30.077,161.623,81.793,167.165,8.294,117.96,62.298,56.06,197.477,215.908,289.473,87.478,14.739,27.975,135.439,148.559,36.077,201.302,98.7,34.048,87.18,118.793,0,137.261,151.125,231.294,230.171,156.878,95.837,231.912,325.351,354.084,345.031,234.076,170.624,51.27,81.612,203.595,220.292,22.139,150.338,230.718,114.854,34.438,226.856,2.067,233.837,160.756,238.152,84.269,244.293,81.906, 
Zacualpan,196.364,113.86,258.354,64.543,132.685,129.923,117.01,73.757,119.925,146.625,77.637,151.202,78.434,108.828,141.091,63.505,114.079,109.439,63.03,52.922,95.192,86.23,117.843,137.261,0,113.555,90.794,89.671,102.665,99.156,91.412,184.851,213.584,204.531,93.576,30.124,87.069,58.598,63.094,79.792,137.746,9.221,90.218,46.634,97.13,86.356,133.362,93.337,115.413,97.652,75.135,103.793,87.045, 
Jala,291.266,151.016,272.659,113.977,20.015,143.788,49.01,160.261,157.081,53.55,172.539,246.104,71.557,144.801,155.396,54.738,2.412,123.744,157.933,103.493,128.78,65.083,50.375,151.125,113.555,0,185.615,184.491,11.224,80.606,186.233,193.498,189.716,299.352,188.397,124.945,132.595,144.341,157.915,174.613,134.12,104.659,185.039,69.879,132.315,181.177,146.049,188.158,15.784,192.473,72.12,198.614,70.34, 
El Porvenir,116.584,203.59,352.828,154.273,204.853,223.957,189.178,163.487,209.655,218.793,17.654,71.422,150.602,198.558,235.565,135.673,186.247,203.913,37.529,142.652,184.922,158.398,190.011,231.294,90.794,185.615,0,9.955,174.801,171.292,8.407,105.136,133.869,124.816,13.861,61.55,176.771,148.3,9.514,11.38,215.254,81.379,1.251,118.77,186.832,6.64,227.183,2.75,187.549,17.937,147.271,24.078,155.14, 
Las Jarretaderas,107.249,202.467,351.705,153.15,203.729,222.834,188.055,162.364,208.532,217.669,16.531,62.087,149.478,197.435,234.442,134.549,185.123,202.79,28.195,141.529,183.799,157.275,188.888,230.171,89.671,184.491,9.955,0,174.114,170.604,18.521,95.679,124.412,115.359,4.404,60.863,176.083,147.612,19.628,10.693,214.566,80.692,9.744,118.082,186.144,3.99,226.495,12.864,186.862,8.48,146.583,14.621,154.452, 
Ahuacatln,280.376,156.769,278.412,119.73,30.462,149.541,54.763,166.014,162.834,43.773,161.649,235.214,77.31,150.554,161.149,43.848,11.856,129.497,147.043,109.246,134.533,70.836,56.128,156.878,102.665,11.224,174.801,174.114,0,87.652,175.876,183.543,179.761,288.995,178.04,114.588,139.641,151.387,147.558,164.256,141.166,94.302,174.682,59.522,139.361,170.82,153.095,177.801,13.829,182.116,79.166,188.257,77.386, 
Francisco I. Madero (Puga),276.866,95.728,217.371,58.607,99.844,88.5,50.639,104.891,101.793,130.156,158.139,231.704,23.949,89.513,100.108,77.67,81.238,68.456,143.533,48.123,73.492,19.859,51.472,95.837,99.156,80.606,171.292,170.604,87.652,0,172.063,265.503,294.236,285.183,174.228,110.776,77.732,89.447,143.746,160.443,79.257,90.49,170.869,55.005,77.452,167.007,91.186,173.988,91.139,178.304,24.42,184.445,17.719, 
Valle de Banderas,124.784,204.208,353.446,154.891,205.471,224.575,189.796,164.105,210.273,219.411,18.272,79.622,151.22,199.176,236.183,136.291,186.865,204.531,45.729,143.27,185.54,159.016,190.629,231.912,91.412,186.233,8.407,18.521,175.876,172.063,0,113.287,142.02,132.967,22.012,62.181,177.402,148.931,7.744,11.616,215.884,82.01,9.601,119.4,187.463,14.791,227.813,6.136,188.18,26.088,147.901,32.229,155.77, 
Mascota,195.976,297.647,446.885,248.33,212.736,318.014,173.594,257.544,303.712,140.248,111.712,150.814,244.659,292.615,329.622,229.73,194.13,297.97,68.099,236.709,278.979,252.456,284.069,325.351,184.851,193.498,105.136,95.679,183.543,265.503,113.287,0,29.06,204.266,91.769,155.21,216.644,188.173,90.874,105.04,255.127,121.253,104.091,158.643,226.705,98.337,267.056,107.211,192.099,88.321,187.144,103.528,195.013, 
Talpa de Allende,224.709,326.38,475.618,277.063,208.954,346.747,233.255,286.277,332.445,136.466,140.445,179.547,273.392,321.348,358.355,258.463,190.348,326.703,96.832,265.442,307.712,281.189,234.62,354.084,213.584,189.716,133.869,124.412,179.761,294.236,142.02,29.06,0,233.345,120.848,184.289,245.723,217.252,119.953,134.119,284.206,150.332,133.17,187.722,255.784,127.416,296.135,136.29,188.092,117.4,216.223,132.607,224.092, 
Tomatln,14.083,317.327,466.565,268.01,318.59,337.694,302.916,277.224,323.392,267.31,131.392,55.295,264.339,312.295,349.302,249.41,299.984,317.65,137.127,256.389,298.659,272.136,303.749,345.031,204.531,299.352,124.816,115.359,288.995,285.183,132.967,204.266,233.345,0,112.137,174.561,289.782,261.311,133.327,124.391,328.264,194.39,123.443,231.78,299.843,117.688,340.193,126.563,300.56,116.213,260.282,103.869,268.15, 
Las Juntas,104.701,206.372,355.61,157.055,207.635,226.739,191.961,166.269,212.437,154.813,20.437,59.539,153.384,201.34,238.347,138.455,189.029,206.695,24.63,145.434,187.704,161.181,192.794,234.076,93.576,188.397,13.861,4.404,178.04,174.228,22.012,91.769,120.848,112.137,0,63.955,179.176,150.705,22.72,13.785,217.658,83.784,12.836,121.174,189.237,7.082,229.587,15.956,189.954,4.59,149.675,12.273,157.544, 
La Peita de Jaltemba,167.125,142.92,292.158,93.603,144.183,163.287,128.509,102.817,148.985,158.123,48.398,121.963,89.932,137.888,174.895,75.003,125.577,143.243,88.071,81.982,124.252,97.729,129.342,170.624,30.124,124.945,61.55,60.863,114.588,110.776,62.181,155.21,184.289,174.561,63.955,0,116.145,87.674,70.865,50.556,154.627,20.753,60.982,58.144,126.206,57.12,166.556,64.101,126.923,68.417,86.645,74.558,94.513, 
Villa Hidalgo,282.346,27.869,177.649,42.246,151.833,43.932,102.628,14.127,33.934,182.145,163.619,237.184,72.146,22.837,59.377,120.107,133.227,28.029,149.012,70.106,9.201,71.848,103.461,51.27,87.069,132.595,176.771,176.083,139.641,77.732,177.402,216.644,245.723,289.782,179.176,116.145,0,31.382,149.061,165.759,42.194,95.188,176.185,97.333,11.083,172.323,47.315,179.304,143.235,183.619,66.748,189.76,64.385, 
San Blas,253.875,58.211,207.274,29.502,163.579,74.274,114.374,18.108,64.276,193.891,135.148,208.713,83.892,53.179,89.719,121.016,144.973,58.371,120.541,41.635,39.543,83.594,115.207,81.612,58.598,144.341,148.3,147.612,151.387,89.447,148.931,188.173,217.252,261.311,150.705,87.674,31.382,0,120.355,137.053,70.196,66.482,147.479,103.895,41.208,143.617,77.44,150.598,154.46,154.913,77.973,161.054,75.528, 
San Juan de Abajo,125.891,175.89,325.129,126.573,177.153,196.258,161.479,135.787,181.955,191.093,26.961,80.729,122.902,170.858,207.866,107.973,158.547,176.214,23.242,114.952,157.222,130.699,162.312,203.595,63.094,157.915,9.514,19.628,147.558,143.746,7.744,90.874,119.953,133.327,22.72,70.865,149.061,120.355,0,20.717,187.685,53.811,10.787,91.201,159.263,15.977,199.614,7.321,159.981,27.274,119.702,33.415,127.571, 
Buceras,116.955,192.588,341.826,143.271,193.851,212.955,178.176,152.485,198.653,207.791,6.652,71.793,139.6,187.556,224.563,124.671,175.245,192.911,37.901,131.65,173.92,147.396,179.009,220.292,79.792,174.613,11.38,10.693,164.256,160.443,11.616,105.04,134.119,124.391,13.785,50.556,165.759,137.053,20.717,0,204.268,70.394,10.852,107.784,175.847,6.99,216.197,13.971,176.564,18.287,136.285,24.428,144.154, 
Ruz,320.828,42.997,141.734,67.987,153.358,14.802,104.153,55.299,49.062,183.67,202.101,275.666,73.671,22.168,25.127,121.632,134.752,18.53,187.495,84.893,27.05,73.373,104.986,22.139,137.746,134.12,215.254,214.566,141.166,79.257,215.884,255.127,284.206,328.264,217.658,154.627,42.194,70.196,187.685,204.268,0,134.334,214.714,98.85,25.328,210.852,18.103,217.833,144.752,222.148,68.265,228.289,65.902, 
Las Varas,186.954,122.017,271.872,72.7,123.897,143.001,108.223,81.914,128.082,137.837,68.227,141.792,69.646,116.985,154.609,54.717,105.291,122.957,53.621,61.079,103.349,77.443,109.056,150.338,9.221,104.659,81.379,80.692,94.302,90.49,82.01,121.253,150.332,194.39,83.784,20.753,95.188,66.482,53.811,70.394,134.334,0,80.842,37.853,105.274,76.98,146.266,83.961,106.632,88.277,66.354,94.418,74.223, 
San Vicente,116.007,203.014,352.252,153.697,204.277,223.381,188.602,162.911,209.079,218.217,17.078,70.845,150.026,197.982,234.989,135.097,185.671,203.337,36.952,142.076,184.346,157.822,189.435,230.718,90.218,185.039,1.251,9.744,174.682,170.869,9.601,104.091,133.17,123.443,12.836,60.982,176.185,147.479,10.787,10.852,214.714,80.842,0,118.193,186.255,6.063,226.606,3.992,186.972,17.36,146.694,23.501,154.563, 
Compostela,224.344,114.745,236.388,77.706,89.117,107.517,72.738,119.327,120.81,103.057,105.617,179.182,34.161,108.53,119.125,19.937,70.511,87.473,91.011,67.222,92.509,41.958,73.571,114.854,46.634,69.879,118.77,118.082,59.522,55.005,119.4,158.643,187.722,231.78,121.174,58.144,97.333,103.895,91.201,107.784,98.85,37.853,118.193,0,96.938,114.354,110.672,121.335,71.985,125.651,30.76,131.792,38.629, 
Santiago Ixcuintla,292.407,18.166,166.97,45.599,151.553,27.1,102.348,24.188,24.231,181.865,173.68,247.245,71.866,11.954,42.545,119.827,132.947,20.465,159.073,83.088,2.683,71.568,103.181,34.438,97.13,132.315,186.832,186.144,139.361,77.452,187.463,226.705,255.784,299.843,189.237,126.206,11.083,41.208,159.263,175.847,25.328,105.274,186.255,96.938,0,182.625,24.789,189.606,142.996,193.921,66.509,200.062,64.146, 
Mezcales,110.252,199.152,348.39,149.835,200.415,219.519,184.74,159.049,205.217,214.355,13.216,65.09,146.164,194.12,231.127,131.235,181.809,199.475,31.198,138.214,180.484,153.96,185.573,226.856,86.356,181.177,6.64,3.99,170.82,167.007,14.791,98.337,127.416,117.688,7.082,57.12,172.323,143.617,15.977,6.99,210.852,76.98,6.063,114.354,182.625,0,222.505,8.874,182.872,13.259,142.593,19.4,150.462, 
Tuxpan,332.757,28.199,159.745,79.915,165.287,6.416,116.082,60.42,54.182,195.599,214.03,287.595,85.6,12.861,27.908,133.561,146.681,34.199,199.424,96.822,32.17,85.302,116.915,2.067,133.362,146.049,227.183,226.495,153.095,91.186,227.813,267.056,296.135,340.193,229.587,166.556,47.315,77.44,199.614,216.197,18.103,146.266,226.606,110.672,24.789,222.505,0,229.833,156.752,234.148,80.265,240.289,77.902, 
San Jos del Valle,119.127,206.133,355.371,156.816,207.396,226.5,191.721,166.03,212.198,221.336,20.197,73.965,153.145,201.101,238.108,138.216,188.79,206.456,40.072,145.195,187.465,160.941,192.554,233.837,93.337,188.158,2.75,12.864,177.801,173.988,6.136,107.211,136.29,126.563,15.956,64.101,179.304,150.598,7.321,13.971,217.833,83.961,3.992,121.335,189.606,8.874,229.833,0,190.101,20.489,149.823,26.63,157.692, 
Ixtln del Ro,293.124,160.647,282.29,123.608,35.022,153.419,58.641,169.892,166.712,52.6,174.397,247.962,81.188,154.432,165.027,56.596,16.416,133.375,159.791,113.124,138.411,74.714,60.006,160.756,115.413,15.784,187.549,186.862,13.829,91.139,188.18,192.099,188.092,300.56,189.954,126.923,143.235,154.46,159.981,176.564,144.752,106.632,186.972,71.985,142.996,182.872,156.752,190.101,0,203.228,82.875,209.369,81.095, 
Ixtapa,108.777,210.448,359.686,161.131,211.711,230.815,196.037,170.345,216.513,151.365,24.513,63.615,157.46,205.416,242.423,142.531,193.105,210.771,21.181,149.51,191.78,165.257,196.87,238.152,97.652,192.473,17.937,8.48,182.116,178.304,26.088,88.321,117.4,116.213,4.59,68.417,183.619,154.913,27.274,18.287,222.148,88.277,17.36,125.651,193.921,13.259,234.148,20.489,203.228,0,153.827,10.906,161.696, 
Xalisco,252.846,84.16,205.803,47.121,91.358,76.932,42.153,93.405,90.225,121.67,134.119,207.684,5.688,77.945,88.54,53.649,72.752,56.888,119.512,36.637,61.924,11.373,42.986,84.269,75.135,72.12,147.271,146.583,79.166,24.42,147.901,187.144,216.223,260.282,149.675,86.645,66.748,77.973,119.702,136.285,68.265,66.354,146.694,30.76,66.509,142.593,80.265,149.823,82.875,153.827,0,160.17,8.257, 
Puerto Vallarta,96.433,216.589,365.827,167.272,217.852,236.956,202.178,176.486,222.654,166.572,30.654,51.271,163.601,211.557,248.564,148.672,199.246,216.912,36.389,155.651,197.921,171.398,203.011,244.293,103.793,198.614,24.078,14.621,188.257,184.445,32.229,103.528,132.607,103.869,12.273,74.558,189.76,161.054,33.415,24.428,228.289,94.418,23.501,131.792,200.062,19.4,240.289,26.63,209.369,10.906,160.17,0,166.67, 
Tepic,260.714,81.797,203.44,44.676,89.578,74.569,40.373,90.96,87.862,119.89,141.987,215.552,13.684,75.582,86.177,61.518,70.972,54.525,127.381,34.192,59.561,9.593,41.206,81.906,87.045,70.34,155.14,154.452,77.386,17.719,155.77,195.013,224.092,268.15,157.544,94.513,64.385,75.528,127.571,144.154,65.902,74.223,154.563,38.629,64.146,150.462,77.902,157.692,81.095,161.696,8.257,166.67,0, 
