LOCALIDADES,Coxcatln,Chalma,Papatlatla,Tezapotla,San Martn Chalchicuautla,Tancanhuitz,Colonia las Flores,Tehuetln,Tampamoln Corona,Nuevo Tampan,Tampate,Chapulhuacanito,Tambaca,Chililico,Chalchocoyo,Coacuilco,Ahuatitla,Agua Buena,Huautla,Matlapa,Huitzitzilingo,Ixcatepec,Chapulhuacn,Calnali,Santa Teresa,Ozuluama de Mascareas,Molango,Tamasopo,Jacala,Potrero del Llano,Chicontepec de Tejeda,Citlaltpec,Tamaln,Tamiahua,Tepetzintla,Tlanchinol,Chinampa de Gorostiza,Jaltocn,San Vicente Tancuayalab,Xilitla,Orizatln,Axtla de Terrazas,El Higo,Tanquin de Escobedo,Platn Snchez,Jalpan de Serra,Tempoal de Snchez,Tamun,Naranjos,Cerro Azul,Tamazunchale,Tantoyuca,Huejutla de Reyes,Pnuco,Ciudad Valles, 
Coxcatln,0,115.656,142.245,68.511,60.555,14.883,204.99,113.604,16.244,107.252,25.193,65.103,104.859,100.49,41.486,87.24,72.83,125.988,129.663,32.98,71.398,134.302,92.702,164.082,140.736,165.218,151.836,120.667,144.388,168.756,155.545,153.854,163.476,239.007,152.123,118.727,171.751,90.001,52.95,39.6,77.543,16.205,69.057,35.509,105.057,121.742,75.258,77.235,208.016,179.562,49.655,100.002,103.62,117.537,66.461, 
Chalma,115.656,0,55.972,80.279,41.037,124.451,107.039,27.355,97.61,161.628,130.604,63.937,206.932,13.878,82.7,54.422,48.996,228.061,43.39,81.764,47.564,64.791,104.47,77.809,54.463,153.05,96.99,222.74,159.914,99.244,82.434,84.343,93.965,142.464,82.612,63.882,102.24,29.989,95.624,114.816,37.214,98.873,74.023,112.558,12.406,196.958,42.114,134.821,109.306,110.05,65.649,31.324,11.539,105.369,165.173, 
Papatlatla,142.245,55.972,0,108.308,88.434,152.48,123.786,50.257,151.521,215.539,158.633,91.966,238.299,43.895,110.729,77.323,77.025,259.428,35.455,109.793,75.593,81.538,132.499,22.073,11.633,165.586,56.299,254.107,187.943,116.004,74.499,101.09,110.712,159.211,99.372,65.388,118.987,58.017,149.535,142.845,65.243,126.902,127.934,166.469,66.316,224.987,96.025,188.732,126.053,126.81,93.678,85.235,44.621,159.28,199.902, 
Tezapotla,68.511,80.279,108.308,0,41.376,78.754,186.75,79.674,76.103,166.966,84.907,31.173,164.573,66.561,37.003,53.31,38.901,185.702,95.733,36.067,37.469,144.502,23.224,130.152,106.806,208.859,117.906,180.381,87.05,178.955,134.777,164.054,173.676,222.175,162.323,84.797,181.951,56.071,96.591,69.119,43.614,53.176,112.698,79.606,92.116,151.261,121.825,136.949,189.017,189.761,19.952,111.035,69.69,161.178,126.176, 
San Martn Chalchicuautla,60.555,41.037,88.434,41.376,0,72.257,138.926,59.9,55.968,120.115,78.41,32.668,158.076,44.927,30.387,54.804,40.395,179.205,75.935,29.57,38.963,96.678,65.566,110.354,87.008,167.03,119.4,173.884,121.011,131.131,114.979,116.23,125.852,174.351,114.499,86.291,134.127,57.566,54.762,62.622,45.108,46.679,70.869,37.777,38.636,144.764,44.253,93.308,141.193,141.937,26.746,63.211,43.983,119.349,119.679, 
Tancanhuitz,14.883,124.451,152.48,78.754,72.257,0,208.68,123.852,19.934,94.934,12.874,75.351,92.541,110.738,51.734,97.488,83.078,113.67,139.911,43.228,81.646,137.992,102.95,174.33,150.984,168.908,162.084,108.349,154.636,172.446,178.955,157.544,167.166,242.697,155.813,128.975,175.441,100.249,56.64,39.92,87.791,33.906,72.747,39.199,108.747,122.062,78.948,64.917,211.706,183.252,59.903,103.692,113.868,121.227,54.143, 
Colonia las Flores,204.99,107.039,123.786,186.75,138.926,208.68,0,131.566,159.616,201.297,189.832,168.148,267.665,118.089,186.911,158.633,153.207,288.794,91.833,185.975,151.775,43.675,208.681,145.932,122.586,46.252,201.201,283.473,264.125,38.577,107.293,22.354,14.153,36.157,52.255,168.093,6.131,134.2,156.357,219.027,141.425,174.524,136.029,173.291,97.56,301.169,104.119,195.554,2.873,25.356,169.86,76.05,115.75,130.212,225.906, 
Tehuetln,113.604,27.355,50.257,79.674,59.9,123.852,131.566,0,122.938,186.956,130.707,64.04,210.373,15.277,82.803,27.067,49.099,231.502,37.624,81.867,47.667,90.119,104.573,72.043,48.697,178.378,69.634,226.181,160.017,124.572,76.668,109.671,119.293,167.792,107.94,36.526,127.568,29.4,120.952,114.919,37.317,98.976,99.351,137.886,37.733,197.061,67.442,160.149,134.634,135.378,65.752,56.652,16.038,130.697,171.976, 
Tampamoln Corona,16.244,97.61,151.521,76.103,55.968,19.934,159.616,122.938,0,102.187,30.314,70.715,109.98,106.102,47.098,92.852,78.442,131.109,135.275,38.592,77.01,118.186,98.314,169.694,146.348,149.102,157.448,125.788,150,152.64,139.429,137.738,147.36,222.891,136.007,124.339,155.635,95.613,36.834,45.212,83.155,21.617,52.941,19.393,88.941,127.354,59.142,75.38,191.9,163.446,55.267,83.886,109.232,101.421,71.582, 
Nuevo Tampan,107.252,161.628,215.539,166.966,120.115,94.934,201.297,186.956,102.187,0,110.863,158.538,103.191,168.012,129.345,180.675,166.265,124.32,197.524,128.528,164.833,176.728,186.137,231.943,208.597,166.287,251.124,118.999,237.822,211.182,197.971,196.28,205.902,243.265,194.549,218.016,210.857,184.123,65.916,145.063,170.978,123.636,82.473,82.648,147.483,227.205,116.785,31.079,212.274,221.988,143.09,142.428,165.673,71.932,61.431, 
Tampate,25.193,130.604,158.633,84.907,78.41,12.874,189.832,130.707,30.314,110.863,0,81.503,91.538,116.89,57.886,103.64,89.23,112.667,146.063,49.38,87.798,150.569,109.102,180.482,157.136,181.485,168.236,107.346,160.788,185.023,185.107,170.121,179.743,255.274,168.39,135.127,188.018,106.401,69.217,46.072,93.943,40.058,85.324,51.776,142.446,128.214,91.525,63.914,224.283,195.829,66.055,116.269,120.02,133.804,53.141, 
Chapulhuacanito,65.103,63.937,91.966,31.173,32.668,75.351,168.148,64.04,70.715,158.538,81.503,0,182.885,36.043,55.315,22.793,8.383,204.014,65.216,54.379,7.087,113.985,77.084,99.635,76.289,202.244,87.389,198.693,132.529,148.438,104.26,133.537,143.159,191.658,131.806,54.28,151.434,25.554,114.903,87.431,13.096,71.488,123.217,97.918,61.599,169.573,91.308,155.261,158.5,159.244,38.264,80.518,39.173,154.563,144.488, 
Tambaca,104.859,206.932,238.299,164.573,158.076,92.541,267.665,210.373,109.98,103.191,91.538,182.885,0,196.912,137.908,183.662,169.252,12.537,226.085,129.402,167.82,222.524,189.124,260.504,237.158,224.43,248.258,13.786,240.81,256.978,243.767,242.076,251.698,298.219,240.345,215.149,259.973,186.423,111.712,126.094,173.965,120.08,128.269,128.444,193.279,199.786,162.581,73.665,267.228,267.784,146.077,188.224,211.469,163.975,40.417, 
Chililico,100.49,13.878,43.895,66.561,44.927,110.738,118.089,15.277,106.102,168.012,116.89,36.043,196.912,0,68.975,31.975,35.271,217.674,31.312,68.039,33.839,78.094,90.745,65.731,42.385,166.353,84.888,212.353,146.189,112.547,70.356,97.646,107.268,155.767,95.915,51.78,115.543,16.263,108.927,101.091,23.489,85.148,87.326,125.861,25.708,183.233,55.417,148.124,122.609,123.353,51.924,44.627,3.281,118.672,158.148, 
Chalchocoyo,41.486,82.7,110.729,37.003,30.387,51.734,186.911,82.803,47.098,129.345,57.886,55.315,137.908,68.975,0,62.289,47.879,159.444,104.712,9.809,46.447,142.716,67.751,139.131,115.785,176.263,126.885,154.123,119.436,177.17,143.756,162.268,171.89,250.052,160.537,93.776,180.165,65.05,63.995,42.861,52.592,26.918,80.102,47.01,69.057,125.003,83.672,102.541,219.061,187.976,24.703,108.416,78.669,128.582,99.918, 
Coacuilco,87.24,54.422,77.323,53.31,54.804,97.488,158.633,27.067,92.852,180.675,103.64,22.793,183.662,31.975,62.289,0,22.032,204.435,60.725,54.8,20.6,109.494,77.506,76.093,71.798,197.753,64.596,199.114,132.95,143.947,99.769,129.046,138.668,187.167,127.315,31.487,146.943,21.064,115.324,87.852,10.25,71.909,118.726,98.339,57.108,169.994,86.817,155.682,154.009,154.753,38.685,76.027,34.682,150.072,144.909, 
Ahuatitla,72.83,48.996,77.025,38.901,40.395,83.078,153.207,49.099,78.442,166.265,89.23,8.383,169.252,35.271,47.879,22.032,0,203.617,64.45,53.982,1.682,113.219,76.687,76.358,75.523,201.478,64.861,198.296,132.132,147.672,103.494,132.771,142.393,190.892,131.04,31.752,150.668,24.788,114.506,87.034,12.33,71.091,122.451,97.521,60.833,169.176,90.542,154.864,157.734,158.478,37.867,79.752,38.407,153.797,144.091, 
Agua Buena,125.988,228.061,259.428,185.702,179.205,113.67,288.794,231.502,131.109,124.32,112.667,204.014,12.537,217.674,159.444,204.435,203.617,0,238.313,141.63,180.048,234.752,201.352,272.732,249.386,236.658,260.486,5.702,253.038,269.206,255.995,254.304,263.926,310.447,252.573,227.377,272.201,198.651,123.94,138.322,186.193,132.308,140.497,140.672,205.507,186.378,174.809,85.893,279.456,280.012,158.305,200.452,223.697,176.203,52.645, 
Huautla,129.663,43.39,35.455,95.733,75.935,139.911,91.833,37.624,135.275,197.524,146.063,65.216,226.085,31.312,104.712,60.725,64.45,238.313,0,97.315,63.115,49.275,120.021,57.397,34.051,133.323,91.622,241.629,175.465,83.741,25.975,68.827,78.449,126.948,67.109,74.305,86.724,45.539,137.057,130.367,52.765,114.424,115.456,153.991,53.838,212.509,83.547,176.254,93.79,94.547,81.2,51.842,32.143,146.802,187.424, 
Matlapa,32.98,81.764,109.793,36.067,29.57,43.228,185.975,81.867,38.592,128.528,49.38,54.379,129.402,68.039,9.809,54.8,53.982,141.63,97.315,0,38.959,145.993,60.263,131.643,108.297,175.445,119.397,144.854,111.948,180.446,136.268,165.545,175.167,223.666,163.814,86.288,183.442,57.562,63.177,33.592,45.104,17.649,79.284,46.192,93.607,115.734,82.854,101.422,190.508,191.252,17.215,112.526,71.181,127.764,90.649, 
Huitzitzilingo,71.398,47.564,75.593,37.469,38.963,81.646,151.775,47.667,77.01,164.833,87.798,7.087,167.82,33.839,46.447,20.6,1.682,180.048,63.115,38.959,0,111.787,75.255,77.86,74.091,200.046,66.363,196.864,130.7,146.24,102.062,131.339,140.961,189.46,129.608,33.254,149.236,23.356,113.074,85.602,10.898,69.659,121.019,96.089,59.401,167.744,89.11,153.432,156.302,157.046,36.435,78.32,36.975,152.365,142.659, 
Ixcatepec,134.302,64.791,81.538,144.502,96.678,137.992,43.675,90.119,118.186,176.728,150.569,113.985,222.524,78.094,142.716,109.494,113.219,234.752,49.275,145.993,111.787,0,177.354,113.923,90.577,85.586,169.874,253.418,232.798,46.364,50.109,21.09,30.712,79.211,29.731,136.766,38.987,102.873,126.302,187.7,110.098,143.196,104.702,143.236,66.233,269.842,72.792,165.499,46.053,57.17,138.533,44.723,84.423,136.047,195.851, 
Chapulhuacn,92.702,104.47,132.499,23.224,65.566,102.95,208.681,104.573,98.314,186.137,109.102,77.084,189.124,90.745,67.751,77.506,76.687,201.352,120.021,60.263,75.255,177.354,0,146.201,122.855,221.164,133.955,192.686,63.975,195.004,150.826,180.103,189.725,238.224,178.372,100.846,198,72.12,108.896,81.424,59.662,65.481,125.003,91.911,108.165,163.566,137.874,149.254,205.066,205.81,32.257,127.084,85.739,173.483,138.481, 
Calnali,164.082,77.809,22.073,130.152,110.354,174.33,145.932,72.043,169.694,231.943,180.482,99.635,260.504,65.731,139.131,76.093,76.358,272.732,57.397,131.643,77.86,113.923,146.201,0,33.47,187.423,36.209,275.944,209.78,137.841,96.336,122.927,132.549,181.048,121.209,45.298,140.824,79.854,171.372,164.682,87.08,148.739,149.771,188.306,88.153,246.824,117.862,210.569,147.89,148.647,115.515,107.072,66.458,181.117,221.739, 
Santa Teresa,140.736,54.463,11.633,106.806,87.008,150.984,122.586,48.697,146.348,208.597,157.136,76.289,237.158,42.385,115.785,71.798,75.523,249.386,34.051,108.297,74.091,90.577,122.855,33.47,0,164.078,67.696,252.599,186.435,114.496,72.991,99.582,109.204,157.703,97.864,76.785,117.479,56.509,148.027,141.337,63.735,125.394,126.426,164.961,64.808,223.479,94.517,187.224,124.545,125.302,92.17,83.727,43.113,157.772,198.394, 
Ozuluama de Mascareas,165.218,153.05,165.586,208.859,167.03,168.908,46.252,178.378,149.102,166.287,181.485,202.244,224.43,166.353,176.263,197.753,201.478,236.658,133.323,175.445,200.046,85.586,221.164,187.423,164.078,0,197.452,242.035,287.027,83.743,152.458,64.292,56.09,80.477,97.42,164.344,48.068,130.451,114.919,196.436,137.676,172.841,100.6,131.853,93.811,278.578,115.983,154.116,49.486,70.521,192.295,70.804,112.001,88.774,184.468, 
Molango,151.836,96.99,56.299,117.906,119.4,162.084,201.201,69.634,157.448,251.124,168.236,87.389,248.258,84.888,126.885,64.596,64.861,260.486,91.622,119.397,66.363,169.874,133.955,36.209,67.696,197.452,0,258.902,192.738,196.047,132.402,181.146,190.768,239.267,179.415,35.641,199.043,100.876,192.427,147.64,71.789,131.697,170.826,209.361,109.209,229.782,138.917,231.624,206.109,206.853,98.473,128.127,87.513,202.172,204.697, 
Tamasopo,120.667,222.74,254.107,180.381,173.884,108.349,283.473,226.181,125.788,118.999,107.346,198.693,13.786,212.353,154.123,199.114,198.296,5.702,241.629,144.854,196.864,253.418,192.686,275.944,252.599,242.035,258.902,0,257.463,273.631,260.42,258.729,268.351,314.872,256.998,231.802,276.626,203.076,128.365,142.747,190.618,136.733,144.922,145.097,209.932,181.015,179.234,90.318,283.881,284.437,162.73,204.877,228.122,180.628,57.07, 
Jacala,144.388,159.914,187.943,87.05,121.011,154.636,264.125,160.017,150,237.822,160.788,132.529,240.81,146.189,119.436,132.95,132.132,253.038,175.465,111.948,130.7,232.798,63.975,209.78,186.435,287.027,192.738,257.463,0,258.633,214.455,243.732,253.354,301.853,242.001,164.475,261.629,135.749,172.525,145.053,123.291,129.11,188.632,155.54,171.794,227.195,201.503,212.883,268.695,269.439,95.886,190.713,149.368,237.112,202.11, 
Potrero del Llano,168.756,99.244,116.004,178.955,131.131,172.446,38.577,124.572,152.64,211.182,185.023,148.438,256.978,112.547,177.17,143.947,147.672,269.206,83.741,180.446,146.24,46.364,195.004,137.841,114.496,83.743,196.047,273.631,258.633,0,72.367,49.611,40.575,53.966,17.329,160.532,36.953,126.639,150.068,211.466,133.864,166.962,128.467,167.002,89.999,293.608,96.558,189.265,36.623,14.654,162.299,68.489,108.189,159.813,219.617, 
Chicontepec de Tejeda,155.545,82.434,74.499,134.777,114.979,178.955,107.293,76.668,139.429,197.971,185.107,104.26,243.767,70.356,143.756,99.769,103.494,255.995,25.975,136.268,102.062,50.109,150.826,96.336,72.991,152.458,132.402,260.42,214.455,72.367,0,84.554,94.177,133.814,56.322,101.28,102.451,72.514,137.104,157.342,79.74,141.399,115.503,154.038,80.813,239.484,83.594,176.301,105.73,83.761,108.175,55.524,59.118,146.849,206.653, 
Citlaltpec,153.854,84.343,101.09,164.054,116.23,157.544,22.354,109.671,137.738,196.28,170.121,133.537,242.076,97.646,162.268,129.046,132.771,254.304,68.827,165.545,131.339,21.09,180.103,122.927,99.582,64.292,181.146,258.729,243.732,49.611,84.554,0,9.39,57.888,50.06,145.508,17.664,111.615,135.044,196.442,118.84,151.939,113.444,151.978,74.975,278.584,81.534,174.241,24.73,36.739,147.275,53.465,93.165,144.789,204.593, 
Tamaln,163.476,93.965,110.712,173.676,125.852,167.166,14.153,119.293,147.36,205.902,179.743,143.159,251.698,107.268,171.89,138.668,142.393,263.926,78.449,175.167,140.961,30.712,189.725,132.549,109.204,56.09,190.768,268.351,253.354,40.575,94.177,9.39,0,49.552,54.61,155.275,9.328,121.382,144.811,206.209,128.607,161.706,123.211,161.745,84.742,288.351,91.301,184.008,16.394,27.71,157.042,63.232,102.932,139.887,214.36, 
Tamiahua,239.007,142.464,159.211,222.175,174.351,242.697,36.157,167.792,222.891,243.265,255.274,191.658,298.219,155.767,250.052,187.167,190.892,310.447,126.948,223.666,189.46,79.211,238.224,181.048,157.703,80.477,239.267,314.872,301.853,53.966,133.814,57.888,49.552,0,81.832,203.172,41.21,169.279,190.556,272.073,176.504,248.478,176.237,207.49,132.639,354.215,139.198,229.753,33.897,52.008,204.939,111.129,150.829,164.411,260.105, 
Tepetzintla,152.123,82.612,99.372,162.323,114.499,155.813,52.255,107.94,136.007,194.549,168.39,131.806,240.345,95.915,160.537,127.315,131.04,252.573,67.109,163.814,129.608,29.731,178.372,121.209,97.864,97.42,179.415,256.998,242.001,17.329,56.322,50.06,54.61,81.832,0,144.487,51.021,110.594,134.023,195.421,117.819,150.917,112.422,150.957,73.954,277.563,80.513,173.22,50.691,28.722,146.254,52.444,92.144,143.768,203.572, 
Tlanchinol,118.727,63.882,65.388,84.797,86.291,128.975,168.093,36.526,124.339,218.016,135.127,54.28,215.149,51.78,93.776,31.487,31.752,227.377,74.305,86.288,33.254,136.766,100.846,45.298,76.785,164.344,35.641,231.802,164.475,160.532,101.28,145.508,155.275,203.172,144.487,0,164.094,65.926,157.478,112.69,36.839,96.747,135.877,174.412,74.26,194.832,103.968,196.675,171.16,171.904,63.523,93.178,52.564,167.223,169.747, 
Chinampa de Gorostiza,171.751,102.24,118.987,181.951,134.127,175.441,6.131,127.568,155.635,210.857,188.018,151.434,259.973,115.543,180.165,146.943,150.668,272.201,86.724,183.442,149.236,38.987,198,140.824,117.479,48.068,199.043,276.626,261.629,36.953,102.451,17.664,9.328,41.21,51.021,164.094,0,137.319,156.837,222.146,144.544,177.643,139.148,173.771,100.679,304.288,107.238,196.034,7.198,23.969,172.979,79.169,118.869,130.692,226.386, 
Jaltocn,90.001,29.989,58.017,56.071,57.566,100.249,134.2,29.4,95.613,184.123,106.401,25.554,186.423,16.263,65.05,21.064,24.788,198.651,45.539,57.562,23.356,102.873,72.12,79.854,56.509,130.451,100.876,203.076,135.749,126.639,72.514,111.615,121.382,169.279,110.594,65.926,137.319,0,125.036,90.573,12.971,74.63,103.435,101.06,41.817,172.715,71.526,158.403,138.718,139.462,41.406,60.736,19.391,134.781,147.63, 
San Vicente Tancuayalab,52.95,95.624,149.535,96.591,54.762,56.64,156.357,120.952,36.834,65.916,69.217,114.903,111.712,108.927,63.995,115.324,114.506,123.94,137.057,63.177,113.074,126.302,108.896,171.372,148.027,114.919,192.427,128.365,172.525,150.068,137.104,135.044,144.811,190.556,134.023,157.478,156.837,125.036,0,81.879,105.626,58.284,16.469,17.296,81.479,164.021,50.781,39.098,155.428,155.984,77.738,76.424,99.669,64.949,69.45, 
Xilitla,39.6,114.816,142.845,69.119,62.622,39.92,219.027,114.919,45.212,145.063,46.072,87.431,126.094,101.091,42.861,87.852,87.034,138.322,130.367,33.592,85.602,187.7,81.424,164.682,141.337,196.436,147.64,142.747,145.053,211.466,157.342,196.442,206.209,272.073,195.421,112.69,222.146,90.573,81.879,0,78.154,24.269,112.334,79.242,126.657,82.328,115.904,98.114,223.558,224.302,50.266,145.576,104.231,160.814,87.34, 
Orizatln,77.543,37.214,65.243,43.614,45.108,87.791,141.425,37.317,83.155,170.978,93.943,13.096,173.965,23.489,52.592,10.25,12.33,186.193,52.765,45.104,10.898,110.098,59.662,87.08,63.735,137.676,71.789,190.618,123.291,133.864,79.74,118.84,128.607,176.504,117.819,36.839,144.544,12.971,105.626,78.154,0,62.209,110.945,88.639,49.327,160.294,79.036,145.982,146.228,146.972,28.985,68.246,26.9,142.291,135.209, 
Axtla de Terrazas,16.205,98.873,126.902,53.176,46.679,33.906,174.524,98.976,21.617,123.636,40.058,71.488,120.08,85.148,26.918,71.909,71.091,132.308,114.424,17.649,69.659,143.196,65.481,148.739,125.394,172.841,131.697,136.733,129.11,166.962,141.399,151.939,161.706,248.478,150.917,96.747,177.643,74.63,58.284,24.269,62.209,0,74.359,40.811,110.362,106.058,80.56,91.747,213.318,184.864,33.971,105.304,87.936,122.839,80.973, 
El Higo,69.057,74.023,127.934,112.698,70.869,72.747,136.029,99.351,52.941,82.473,85.324,123.217,128.269,87.326,80.102,118.726,122.451,140.497,115.456,79.284,121.019,104.702,125.003,149.771,126.426,100.6,170.826,144.922,188.632,128.467,115.503,113.444,123.211,176.237,112.422,135.877,139.148,103.435,16.469,112.334,110.945,74.359,0,33.411,65.355,180.136,34.657,55.674,141.091,139.86,93.853,60.3,83.545,50.612,86.026, 
Tanquin de Escobedo,35.509,112.558,166.469,79.606,37.777,39.199,173.291,137.886,19.393,82.648,51.776,97.918,128.444,125.861,47.01,98.339,97.521,140.672,153.991,46.192,96.089,143.236,91.911,188.306,164.961,131.853,209.361,145.097,155.54,167.002,154.038,151.978,161.745,207.49,150.957,174.412,173.771,101.06,17.296,79.242,88.639,40.811,33.411,0,98.422,146.649,67.724,55.851,172.371,172.927,60.861,93.367,116.612,81.892,86.203, 
Platn Snchez,105.057,12.406,66.316,92.116,38.636,108.747,97.56,37.733,88.941,147.483,142.446,61.599,193.279,25.708,69.057,57.108,60.833,205.507,53.838,93.607,59.401,66.233,108.165,88.153,64.808,93.811,109.209,209.932,171.794,89.999,80.813,74.975,84.742,132.639,73.954,74.26,100.679,41.817,81.479,126.657,49.327,110.362,65.355,98.422,0,207.348,35.364,128.071,102.556,103.3,76.039,24.574,21.929,98.619,158.423, 
Jalpan de Serra,121.742,196.958,224.987,151.261,144.764,122.062,301.169,197.061,127.354,227.205,128.214,169.573,199.786,183.233,125.003,169.994,169.176,186.378,212.509,115.734,167.744,269.842,163.566,246.824,223.479,278.578,229.782,181.015,227.195,293.608,239.484,278.584,288.351,354.215,277.563,194.832,304.288,172.715,164.021,82.328,160.294,106.058,180.136,146.649,207.348,0,198.048,180.258,305.702,306.446,132.41,227.72,186.375,242.958,169.484, 
Tempoal de Snchez,75.258,42.114,96.025,121.825,44.253,78.948,104.119,67.442,59.142,116.785,91.525,91.308,162.581,55.417,83.672,86.817,90.542,174.809,83.547,82.854,89.11,72.792,137.874,117.862,94.517,115.983,138.917,179.234,201.503,96.558,83.594,81.534,91.301,139.198,80.513,103.968,107.238,71.526,50.781,115.904,79.036,80.56,34.657,67.724,35.364,198.048,0,95.76,106.862,107.606,105.401,28.047,51.291,66.308,126.112, 
Tamun,77.235,134.821,188.732,136.949,93.308,64.917,195.554,160.149,75.38,31.079,63.914,155.261,73.665,148.124,102.541,155.682,154.864,85.893,176.254,101.422,153.432,165.499,149.254,210.569,187.224,154.116,231.624,90.318,212.883,189.265,176.301,174.241,184.008,229.753,173.22,196.675,196.034,158.403,39.098,98.114,145.982,91.747,55.674,55.851,128.071,180.258,95.76,0,194.569,195.125,116.227,115.565,138.81,91.316,31.414, 
Naranjos,208.016,109.306,126.053,189.017,141.193,211.706,2.873,134.634,191.9,212.274,224.283,158.5,267.228,122.609,219.061,154.009,157.734,279.456,93.79,190.508,156.302,46.053,205.066,147.89,124.545,49.486,206.109,283.881,268.695,36.623,105.73,24.73,16.394,33.897,50.691,171.16,7.198,138.718,155.428,223.558,146.228,213.318,141.091,172.371,102.556,305.702,106.862,194.569,0,23.758,172.316,78.506,118.206,133.42,229.114, 
Cerro Azul,179.562,110.05,126.81,189.761,141.937,183.252,25.356,135.378,163.446,221.988,195.829,159.244,267.784,123.353,187.976,154.753,158.478,280.012,94.547,191.252,157.046,57.17,205.81,148.647,125.302,70.521,206.853,284.437,269.439,14.654,83.761,36.739,27.71,52.008,28.722,171.904,23.969,139.462,155.984,224.302,146.972,184.864,139.86,172.927,103.3,306.446,107.606,195.125,23.758,0,173.637,79.827,119.527,153.502,230.955, 
Tamazunchale,49.655,65.649,93.678,19.952,26.746,59.903,169.86,65.752,55.267,143.09,66.055,38.264,146.077,51.924,24.703,38.685,37.867,158.305,81.2,17.215,36.435,138.533,32.257,115.515,92.17,192.295,98.473,162.73,95.886,162.299,108.175,147.275,157.042,204.939,146.254,63.523,172.979,41.406,77.738,50.266,28.985,33.971,93.853,60.861,76.039,132.41,105.401,116.227,172.316,173.637,0,96.41,55.065,142.326,107.324, 
Tantoyuca,100.002,31.324,85.235,111.035,63.211,103.692,76.05,56.652,83.886,142.428,116.269,80.518,188.224,44.627,108.416,76.027,79.752,200.452,51.842,112.526,78.32,44.723,127.084,107.072,83.727,70.804,128.127,204.877,190.713,68.489,55.524,53.465,63.232,111.129,52.444,93.178,79.169,60.736,76.424,145.576,68.246,105.304,60.3,93.367,24.574,227.72,28.047,115.565,78.506,79.827,96.41,0,40.856,91.647,151.451, 
Huejutla de Reyes,103.62,11.539,44.621,69.69,43.983,113.868,115.75,16.038,109.232,165.673,120.02,39.173,211.469,3.281,78.669,34.682,38.407,223.697,32.143,71.181,36.975,84.423,85.739,66.458,43.113,112.001,87.513,228.122,149.368,108.189,59.118,93.165,102.932,150.829,92.144,52.564,118.869,19.391,99.669,104.231,26.9,87.936,83.545,116.612,21.929,186.375,51.291,138.81,118.206,119.527,55.065,40.856,0,114.908,161.216, 
Pnuco,117.537,105.369,159.28,161.178,119.349,121.227,130.212,130.697,101.421,71.932,133.804,154.563,163.975,118.672,128.582,150.072,153.797,176.203,146.802,127.764,152.365,136.047,173.483,181.117,157.772,88.774,202.172,180.628,237.112,159.813,146.849,144.789,139.887,164.411,143.768,167.223,130.692,134.781,64.949,160.814,142.291,122.839,50.612,81.892,98.619,242.958,66.308,91.316,133.42,153.502,142.326,91.647,114.908,0,121.619, 
Ciudad Valles,66.461,165.173,199.902,126.176,119.679,54.143,225.906,171.976,71.582,61.431,53.141,144.488,40.417,158.148,99.918,144.909,144.091,52.645,187.424,90.649,142.659,195.851,138.481,221.739,198.394,184.468,204.697,57.07,202.11,219.617,206.653,204.593,214.36,260.105,203.572,169.747,226.386,147.63,69.45,87.34,135.209,80.973,86.026,86.203,158.423,169.484,126.112,31.414,229.114,230.955,107.324,151.451,161.216,121.619,0, 
