LOCALIDADES,Ixcateopan de Cuauhtmoc,Bejucos,Villa Nicols Bravo,Amuco de la Reforma,San Pedro Limn,Changata,San Lucas,San Jos Poliutla,Corral Falso,Palmar Chico,Santo Domingo-Zacatepec,Tiquicheo,Tanganhuato,Zirndaro de los Chvez,Tlalchapa,Cocula,San Miguel Totolapan,Vicente Riva Palacio,Cutzamala de Pinzn,Ajuchitln del Progreso,Coyuca de Cataln,Ciudad Apaxtla de Castrejn,Villa Luvianos,Tlapehuala,Arcelia,Huetamo de Nez,Teloloapan,Ciudad Altamirano,Tejupilco de Hidalgo, 
Ixcateopan de Cuauhtmoc,0,161.119,137.753,153.171,129.029,144.817,189.957,115.697,140.793,144.93,128.361,245.522,155.699,209.441,135.525,98.251,128.958,155.159,169.527,143.761,158.593,68.318,191.818,134.646,103.394,201.073,35.79,153.02,130.275, 
Bejucos,161.119,0,86.48,78.635,48.532,85.698,97.295,101.97,89.52,16.563,55.51,81.967,74.789,119.577,64.999,193.615,114.841,62.591,48.001,96.974,68.729,163.215,45.402,83.295,117.824,108.411,128.771,64.288,48.267, 
Villa Nicols Bravo,137.753,86.48,0,15.957,72.876,7.603,59.165,22.429,3.579,88.777,141.653,114.73,24.907,78.649,42.192,170.151,23.801,24.367,38.735,10.079,27.801,139.751,131.546,3.192,38.283,70.281,105.308,22.228,134.41, 
Amuco de la Reforma,153.171,78.635,15.957,0,88.294,9.516,51.519,37.847,12.718,94,134.007,107.084,25.836,61.234,40.935,185.569,39.427,16.721,31.089,25.705,10.385,155.169,123.9,18.61,53.701,62.635,120.726,16.375,126.764, 
San Pedro Limn,129.029,48.532,72.876,88.294,0,79.944,105.487,50.824,75.92,25.731,72.896,130.334,90.826,127.769,48.374,161.431,64.085,70.783,56.192,78.888,76.921,131.031,62.789,69.773,38.521,116.603,96.587,88.147,65.653, 
Changata,144.817,85.698,7.603,9.516,79.944,0,58.568,29.494,4.365,101.049,141.056,114.133,32.885,68.283,47.984,177.216,31.074,23.77,38.138,17.352,17.434,146.816,130.949,10.257,45.348,69.684,112.373,23.424,133.813, 
San Lucas,189.957,97.295,59.165,51.519,105.487,58.568,0,74.893,62.443,112.811,152.819,55.699,47.712,41.009,62.811,222.616,87.764,35.514,49.901,69.897,41.652,192.216,142.712,56.218,90.747,19.435,157.772,37.212,145.576, 
San Jos Poliutla,115.697,101.97,22.429,37.847,50.824,29.494,74.893,0,25.459,66.734,157.111,130.188,40.365,94.107,26.243,148.109,13.625,39.825,54.193,28.428,43.259,117.708,147.004,19.312,16.24,85.739,83.265,37.687,149.868, 
Corral Falso,140.793,89.52,3.579,12.718,75.92,4.365,62.443,25.459,0,91.818,144.694,117.771,27.948,71.877,45.233,173.192,27.05,27.408,41.776,13.328,21.028,142.792,134.587,6.233,41.324,73.322,108.349,25.269,137.451, 
Palmar Chico,144.93,16.563,88.777,94,25.731,101.049,112.811,66.734,91.818,0,60.292,97.442,90.264,135.052,49.223,177.332,79.986,78.066,63.475,94.789,84.204,146.932,50.185,85.674,54.422,123.886,112.488,79.763,53.049, 
Santo Domingo-Zacatepec,128.361,55.51,141.653,134.007,72.896,141.056,152.819,157.111,144.694,60.292,0,137.318,130.14,174.928,120.35,234.333,170.192,117.942,103.351,152.325,124.08,203.933,31.181,138.646,111.423,163.762,169.489,119.639,4.232, 
Tiquicheo,245.522,81.967,114.73,107.084,130.334,114.133,55.699,130.188,117.771,97.442,137.318,0,103.496,84.631,89.893,278.4,143.548,91.298,72.894,125.681,97.436,248,138.584,112.002,146.531,59.973,213.556,92.996,141.448, 
Tanganhuato,155.699,74.789,24.907,25.836,90.826,32.885,47.712,40.365,27.948,90.264,130.14,103.496,0,78.359,41.902,177.854,43.002,24.077,38.445,25.135,27.511,147.454,131.256,11.456,45.986,69.991,113.01,21.938,134.12, 
Zirndaro de los Chvez,209.441,119.577,78.649,61.234,127.769,68.283,41.009,94.107,71.877,135.052,174.928,84.631,78.359,0,81.879,241.684,106.832,57.665,72.033,84.488,50.986,211.284,164.844,75.286,109.815,24.773,176.84,57.319,167.708, 
Tlalchapa,135.525,64.999,42.192,40.935,48.374,47.984,62.811,26.243,45.233,49.223,120.35,89.893,41.902,81.879,0,167.928,39.09,27.742,17.08,42.993,31.176,137.527,107.535,29.392,36.059,73.656,103.084,25.604,110.399, 
Cocula,98.251,193.615,170.151,185.569,161.431,177.216,222.616,148.109,173.192,177.332,234.333,278.4,177.854,241.684,167.928,0,161.361,187.562,201.93,176.164,190.996,55.377,224.221,167.049,135.797,233.476,68.193,185.423,227.085, 
San Miguel Totolapan,128.958,114.841,23.801,39.427,64.085,31.074,87.764,13.625,27.05,79.986,170.192,143.548,43.002,106.832,39.09,161.361,0,52.73,67.098,15.312,56.164,130.939,159.909,32.217,29.471,98.644,96.495,50.592,162.773, 
Vicente Riva Palacio,155.159,62.591,24.367,16.721,70.783,23.77,35.514,39.825,27.408,78.066,117.942,91.298,24.077,57.665,27.742,187.562,52.73,0,14.725,35.093,6.848,157.412,107.536,21.414,55.943,46.53,122.968,2.407,110.4, 
Cutzamala de Pinzn,169.527,48.001,38.735,31.089,56.192,38.138,49.901,54.193,41.776,63.475,103.351,72.894,38.445,72.033,17.08,201.93,67.098,14.725,0,49.408,21.163,171.727,93.251,35.729,70.258,60.845,137.283,16.722,96.115, 
Ajuchitln del Progreso,143.761,96.974,10.079,25.705,78.888,17.352,69.897,28.428,13.328,94.789,152.325,125.681,25.135,84.488,42.993,176.164,15.312,35.093,49.408,0,33.638,145.743,141.921,13.567,44.275,80.656,111.299,32.603,144.785, 
Coyuca de Cataln,158.593,68.729,27.801,10.385,76.921,17.434,41.652,43.259,21.028,84.204,124.08,97.436,27.511,50.986,31.176,190.996,56.164,6.848,21.163,33.638,0,160.435,113.994,24.437,58.966,52.729,125.991,6.469,116.858, 
Ciudad Apaxtla de Castrejn,68.318,163.215,139.751,155.169,131.031,146.816,192.216,117.708,142.792,146.932,203.933,248,147.454,211.284,137.527,55.377,130.939,157.412,171.727,145.743,160.435,0,193.821,136.649,105.397,203.076,34.4,155.023,196.685, 
Villa Luvianos,191.818,45.402,131.546,123.9,62.789,130.949,142.712,147.004,134.587,50.185,31.181,138.584,131.256,164.844,107.535,224.221,159.909,107.536,93.251,141.921,113.994,193.821,0,128.535,101.312,153.651,159.378,109.528,23.935, 
Tlapehuala,134.646,83.295,3.192,18.61,69.773,10.257,56.218,19.312,6.233,85.674,138.646,112.002,11.456,75.286,29.392,167.049,32.217,21.414,35.729,13.567,24.437,136.649,128.535,0,35.177,67.175,102.202,19.122,131.304, 
Arcelia,103.394,117.824,38.283,53.701,38.521,45.348,90.747,16.24,41.324,54.422,111.423,146.531,45.986,109.815,36.059,135.797,29.471,55.943,70.258,44.275,58.966,105.397,101.312,35.177,0,100.677,70.696,52.625,103.917, 
Huetamo de Nez,201.073,108.411,70.281,62.635,116.603,69.684,19.435,85.739,73.322,123.886,163.762,59.973,69.991,24.773,73.656,233.476,98.644,46.53,60.845,80.656,52.729,203.076,153.651,67.175,100.677,0,168.729,48.169,156.533, 
Teloloapan,35.79,128.771,105.308,120.726,96.587,112.373,157.772,83.265,108.349,112.488,169.489,213.556,113.01,176.84,103.084,68.193,96.495,122.968,137.283,111.299,125.991,34.4,159.378,102.202,70.696,168.729,0,120.061,161.723, 
Ciudad Altamirano,153.02,64.288,22.228,16.375,88.147,23.424,37.212,37.687,25.269,79.763,119.639,92.996,21.938,57.319,25.604,185.423,50.592,2.407,16.722,32.603,6.469,155.023,109.528,19.122,52.625,48.169,120.061,0,112.367, 
Tejupilco de Hidalgo,130.275,48.267,134.41,126.764,65.653,133.813,145.576,149.868,137.451,53.049,4.232,141.448,134.12,167.708,110.399,227.085,162.773,110.4,96.115,144.785,116.858,196.685,23.935,131.304,103.917,156.533,161.723,112.367,0, 
