LOCALIDADES,Ejido Sinaloa (Estacin Kasey),Vias del Sol,Ejido Hechicera,Francisco Zarco (Valle de Guadalupe),Rancho Verde,Michoacn de Ocampo,Los Valles,Poblado Paredones,Lomas del Valle,Real del Castillo Nuevo (Ojos Negros),Parajes del Valle,Nuevo Len,Benito Jurez (Ejido Tecolotes),Cereso del Hongo,Nueva Colonia Hind,Primo Tapia,Ejido Hermosillo,Delta (Estacin Delta),Vicente Guerrero (Algodones),Ingeniero Luis B. Snchez,Ciudad Coahuila (Kilmetro Cincuenta y Siete),Quinta del Cedro,Ampliacin Ejido Plan Libertador,Colonia Venustiano Carranza (La Carranza),Benito Garca (El Zorrillo),Lomas de Santa Anita,Maclovio Rojas,Ciudad Morelos (Cuervos),San Luis,El Sauzal de Rodrguez,El Nio,Villa del Prado,Progreso,Villa del Campo,Puebla,Las Delicias,Ciudad Guadalupe Victoria (Kilmetro Cuarenta y Tres),Villa del Prado 2da Seccin,Terrazas del Valle,Rodolfo Snchez Taboada (Maneadero),La Joya,Santa Isabel,Prticos de San Antonio,El Refugio,Tecate,Playas de Rosarito,San Luis Ro Colorado,Ensenada,Mexicali,Tijuana, 
Ejido Sinaloa (Estacin Kasey),0,31.041,12.938,222.365,261.775,22.651,198.912,34.277,173.807,309.396,166.386,23.303,26.716,115.731,157.402,228.029,35.84,30.068,58.808,59.766,60.736,201.17,203.764,46.401,286.376,151.103,173.168,41.726,200.911,252.05,172.484,202.964,38.999,165.809,9.664,196.519,41.17,205.575,182.877,277.755,199.091,33.363,198.241,186.366,150.227,222.013,54.495,263.158,25.169,187.527, 
Vias del Sol,31.041,0,42.249,196.255,235.665,36.611,172.802,63.589,147.697,190.128,140.276,52.615,56.028,89.621,131.292,201.919,65.152,59.38,88.12,86.48,87.45,175.06,177.654,69.154,260.266,124.993,147.058,71.038,174.801,225.94,146.374,176.854,6.387,139.699,23.345,170.409,70.482,179.465,156.767,251.645,172.981,2.32,172.131,160.256,124.117,195.903,83.807,237.048,10.874,161.417, 
Ejido Hechicera,12.938,42.249,0,233.899,273.309,34.185,210.446,21.81,185.341,320.93,177.92,24.975,14.249,127.265,168.936,239.563,23.373,31.74,46.341,56.416,57.386,212.704,215.298,49.702,297.91,162.637,184.702,29.259,212.445,263.584,184.018,214.498,50.533,177.343,21.198,208.053,39.008,217.109,194.411,289.289,210.625,44.897,209.775,197.9,161.761,233.547,42.028,274.692,36.703,199.061, 
Francisco Zarco (Valle de Guadalupe),222.365,196.255,233.899,0,40.992,226.677,109.08,258.474,102.894,94.167,95.473,247.5,250.913,114.271,66.3,64.525,260.037,254.265,283.005,276.546,277.516,96.911,94.15,259.22,65.594,77.27,102.255,265.923,111.079,31.268,101.571,113.132,193.66,94.896,229.405,106.688,265.367,101.184,110.069,56.973,98.533,198.808,98.075,113.558,77.462,86.939,278.692,42.376,208.409,114.719, 
Rancho Verde,261.775,235.665,273.309,40.992,0,266.058,113.388,297.855,117.739,52.202,127.991,286.881,290.294,153.652,105.682,68.834,299.418,293.646,322.386,315.927,316.897,101.219,98.458,298.601,34.958,116.652,114.607,305.304,115.387,14.716,120.682,117.44,233.041,127.414,268.786,110.996,304.748,105.492,118.434,26.337,102.841,238.189,102.383,112.724,116.843,91.247,318.073,12.661,247.79,111.343, 
Michoacn de Ocampo,22.651,36.611,34.185,226.677,266.058,0,200.969,55.184,175.864,298.238,168.443,15.056,47.623,117.788,159.459,230.086,56.747,21.422,79.715,51.12,52.09,203.227,205.821,37.755,288.433,153.16,175.225,62.633,202.968,254.107,174.541,205.021,39.707,167.866,13.429,198.576,32.524,207.632,184.934,279.812,201.148,39.013,200.298,188.423,152.284,224.07,75.402,265.215,25.876,189.584, 
Los Valles,198.912,172.802,210.446,109.08,113.388,200.969,0,229.711,26.864,145.773,36.956,218.737,222.15,85.509,55.54,31.396,231.274,225.502,254.242,247.783,248.753,35.352,12.635,230.457,117.2,49.24,23.572,237.16,4.549,82.874,29.647,4.053,164.897,36.379,200.642,3.602,236.604,6.664,27.559,108.579,10.696,170.045,17.409,21.689,47.226,25.38,249.929,93.982,179.646,19.287, 
Poblado Paredones,34.277,63.589,21.81,258.474,297.855,55.184,229.711,0,206.336,341.925,198.915,45.97,7.936,148.26,189.931,260.558,12.122,52.735,24.695,63.084,63.709,233.699,236.293,58.502,318.905,183.632,205.697,7.613,233.44,284.579,205.013,235.493,71.528,198.338,42.193,229.048,47.808,238.104,215.406,310.284,231.62,65.892,230.77,218.895,182.756,254.542,30.777,295.687,57.698,220.056, 
Lomas del Valle,173.807,147.697,185.341,102.894,117.739,175.864,26.864,206.336,0,163.998,9.546,197.626,201.039,64.398,34.429,49.621,210.163,204.391,233.131,226.672,227.642,37.874,33.138,209.346,135.425,28.129,2.263,216.049,22.503,101.099,4.026,24.556,143.786,11.235,179.531,18.111,215.493,27.167,3.094,126.804,25.346,148.934,34.945,6.175,26.114,43.605,228.818,112.207,158.535,24.231, 
Real del Castillo Nuevo (Ojos Negros),309.396,190.128,320.93,94.167,52.202,298.238,145.773,341.925,163.998,0,166.688,331.801,335.214,93.232,150.602,107.531,344.338,338.566,367.306,360.847,361.817,139.916,137.155,343.521,67.877,161.572,153.304,350.224,154.084,54.999,159.379,156.137,277.961,166.111,313.706,149.693,349.668,144.189,157.131,59.256,141.538,283.109,141.08,151.421,161.763,129.944,362.993,45.58,292.71,150.04, 
Parajes del Valle,166.386,140.276,177.92,95.473,127.991,168.443,36.956,198.915,9.546,166.688,0,189.909,193.322,56.681,26.712,60.803,202.446,196.674,225.414,218.955,219.925,49.056,44.32,201.629,155.686,20.412,14.874,208.332,33.685,121.36,6.909,35.738,136.069,1.761,171.814,29.293,207.776,38.349,17.612,147.065,36.528,141.217,46.127,17.357,18.397,54.787,221.101,132.468,150.818,35.413, 
Nuevo Len,23.303,52.615,24.975,247.5,286.881,15.056,218.737,45.97,197.626,331.801,189.909,0,38.383,132.373,174.044,244.671,47.507,7.211,70.475,36.91,37.88,217.812,220.406,23.544,303.018,167.745,189.81,53.393,217.553,268.692,189.126,219.606,54.292,182.451,28.014,213.161,18.314,222.217,199.519,294.397,215.733,53.598,214.883,203.008,166.869,238.655,66.162,279.8,40.461,204.169, 
Benito Jurez (Ejido Tecolotes),26.716,56.028,14.249,250.913,290.294,47.623,222.15,7.936,201.039,335.214,193.322,38.383,0,140.54,182.211,252.838,12.115,45.015,32.468,63.077,63.702,225.979,228.573,50.782,311.185,175.912,197.977,15.386,225.72,276.859,197.293,227.773,63.808,190.618,34.473,221.328,40.088,230.384,207.686,302.564,223.9,58.172,223.05,211.175,175.036,246.822,30.77,287.967,49.978,212.336, 
Cereso del Hongo,115.731,89.621,127.265,114.271,153.652,117.788,85.509,148.26,64.398,93.232,56.681,132.373,140.54,0,50.122,120.75,153.094,147.322,176.062,169.603,170.573,93.891,96.485,152.277,179.096,43.823,65.888,158.98,93.632,144.77,65.204,95.685,86.718,58.529,122.462,89.24,158.424,98.296,75.598,170.475,91.812,91.866,90.962,79.087,42.947,114.734,171.749,155.878,101.467,80.248, 
Nueva Colonia Hind,157.402,131.292,168.936,66.3,105.682,159.459,55.54,189.931,34.429,150.602,26.712,174.044,182.211,50.122,0,90.259,195.075,189.303,218.043,211.584,212.554,63.4,65.994,194.258,130.312,12.308,37.293,200.961,63.141,95.986,36.609,65.194,128.698,29.934,164.443,58.749,200.405,67.805,45.107,121.691,61.321,133.846,60.471,48.596,12.499,84.243,213.73,107.094,143.447,49.757, 
Primo Tapia,228.029,201.919,239.563,64.525,68.834,230.086,31.396,260.558,49.621,107.531,60.803,244.671,252.838,120.75,90.259,0,254.825,249.053,277.793,271.334,272.304,33.735,30.974,254.008,88.546,72.791,47.123,260.711,47.903,54.22,53.198,49.956,188.448,59.93,224.193,43.512,260.155,38.008,50.95,79.925,35.357,193.596,34.899,45.24,70.776,23.763,273.48,65.328,203.197,43.859, 
Ejido Hermosillo,35.84,65.152,23.373,260.037,299.418,56.747,231.274,12.122,210.163,344.338,202.446,47.507,12.115,153.094,195.075,254.825,0,61.349,37.922,54.132,54.757,242.314,244.908,51.394,327.52,192.247,214.312,18.44,242.055,293.194,213.628,244.108,80.143,206.953,50.808,237.663,40.7,246.719,224.021,318.899,240.235,74.507,239.385,227.51,191.371,263.157,21.825,304.302,66.313,228.671, 
Delta (Estacin Delta),30.068,59.38,31.74,254.265,293.646,21.422,225.502,52.735,204.391,338.566,196.674,7.211,45.015,147.322,189.303,249.053,61.349,0,77.24,30.172,31.142,224.175,226.769,16.807,309.381,174.108,196.173,60.158,223.916,275.055,195.489,225.969,60.655,188.814,34.377,219.524,11.576,228.58,205.882,300.76,222.096,59.961,221.246,209.371,173.232,245.018,72.927,286.163,46.824,210.532, 
Vicente Guerrero (Algodones),58.808,88.12,46.341,283.005,322.386,79.715,254.242,24.695,233.131,367.306,225.414,70.475,32.468,176.062,218.043,277.793,37.922,77.24,0,73.705,74.33,257.579,260.173,82.382,342.785,207.512,229.577,17.036,257.32,308.459,228.893,259.373,95.408,222.218,66.073,252.928,71.688,261.984,239.286,334.164,255.5,89.772,254.65,242.775,206.636,278.422,41.398,319.567,81.578,243.936, 
Ingeniero Luis B. Snchez,59.766,86.48,56.416,276.546,315.927,51.12,247.783,63.084,226.672,360.847,218.955,36.91,63.077,169.603,211.584,271.334,54.132,30.172,73.705,0,1.445,252.658,255.252,19.435,337.864,202.591,224.656,62.581,252.399,303.538,223.972,254.452,89.138,217.297,64.051,248.007,18.692,257.063,234.365,329.243,250.579,88.444,249.729,237.854,201.715,273.501,45.091,314.646,75.307,239.015, 
Ciudad Coahuila (Kilmetro Cincuenta y Siete),60.736,87.45,57.386,277.516,316.897,52.09,248.753,63.709,227.642,361.817,219.925,37.88,63.702,170.573,212.554,272.304,54.757,31.142,74.33,1.445,0,253.63,256.224,20.406,338.836,203.563,225.628,63.226,253.371,304.51,224.944,255.424,90.11,218.269,65.022,248.979,19.663,258.035,235.337,330.215,251.551,89.416,250.701,238.826,202.687,274.473,45.736,315.618,76.279,239.987, 
Quinta del Cedro,201.17,175.06,212.704,96.911,101.219,203.227,35.352,233.699,37.874,139.916,49.056,217.812,225.979,93.891,63.4,33.735,242.314,224.175,257.579,252.658,253.63,0,7.983,238.339,120.529,57.121,34.408,245.042,18.549,86.203,40.483,15.587,172.779,47.215,208.524,19.12,244.486,14.945,38.395,111.908,9.138,177.927,4.131,32.525,56.867,11.805,257.811,97.311,187.528,14.383, 
Ampliacin Ejido Plan Libertador,203.764,177.654,215.298,94.15,98.458,205.821,12.635,236.293,33.138,137.155,44.32,220.406,228.573,96.485,65.994,30.974,244.908,226.769,260.173,255.252,256.224,7.983,0,240.882,116.613,59.664,36.951,247.585,13.4,82.287,43.026,11.251,175.322,49.758,211.067,12.453,247.029,9.826,40.938,107.992,8.424,180.47,7.991,35.068,59.41,7.889,260.354,93.395,190.071,16.926, 
Colonia Venustiano Carranza (La Carranza),46.401,69.154,49.702,259.22,298.601,37.755,230.457,58.502,209.346,343.521,201.629,23.544,50.782,152.277,194.258,254.008,51.394,16.807,82.382,19.435,20.406,238.339,240.882,0,320.545,185.272,207.337,65.949,235.08,286.219,206.653,237.133,71.819,199.978,57.111,230.688,12.017,239.744,217.046,311.924,233.26,71.125,232.41,220.535,184.396,256.182,64.53,297.327,57.988,221.696, 
Benito Garca (El Zorrillo),286.376,260.266,297.91,65.594,34.958,288.433,117.2,318.905,135.425,67.877,155.686,303.018,311.185,179.096,130.312,88.546,327.52,309.381,342.785,337.864,338.836,120.529,116.613,320.545,0,141.303,133.035,329.955,133.815,34.73,139.11,135.868,257.692,145.842,293.437,129.424,329.399,123.92,136.862,9.065,121.269,262.84,120.811,131.152,141.494,109.675,342.724,23.722,272.441,129.771, 
Lomas de Santa Anita,151.103,124.993,162.637,77.27,116.652,153.16,49.24,183.632,28.129,161.572,20.412,167.745,175.912,43.823,12.308,72.791,192.247,174.108,207.512,202.591,203.563,57.121,59.664,185.272,141.303,0,26.819,194.68,56.86,106.921,26.135,58.913,122.417,19.46,158.162,52.468,194.124,61.524,38.826,132.626,55.04,127.565,54.19,29.302,3.702,77.962,207.449,118.029,137.166,43.476, 
Maclovio Rojas,173.168,147.058,184.702,102.255,114.607,175.225,23.572,205.697,2.263,153.304,14.874,189.81,197.977,65.888,37.293,47.123,214.312,196.173,229.577,224.656,225.628,34.408,36.951,207.337,133.035,26.819,0,215.251,20.399,98.995,6.761,22.452,142.988,14.47,178.733,16.007,214.695,25.063,3.599,124.7,23.241,148.136,32.84,4.071,25.316,41.501,228.02,110.103,157.737,22.126, 
Ciudad Morelos (Cuervos),41.726,71.038,29.259,265.923,305.304,62.633,237.16,7.613,216.049,350.224,208.332,53.393,15.386,158.98,200.961,260.711,18.44,60.158,17.036,62.581,63.226,245.042,247.585,65.949,329.955,194.68,215.251,0,240.889,292.028,212.462,242.942,78.977,205.787,49.642,236.497,55.257,245.553,222.855,317.733,239.069,73.341,238.219,226.344,190.205,261.991,28.677,303.136,65.147,227.505, 
San Luis,200.911,174.801,212.445,111.079,115.387,202.968,4.549,233.44,22.503,154.084,33.685,217.553,225.72,93.632,63.141,47.903,242.055,223.916,257.32,252.399,253.371,18.549,13.4,235.08,133.815,56.86,20.399,240.889,0,87.424,25.243,4.833,160.493,31.975,196.238,3.929,232.2,2.82,23.155,113.129,7.997,165.641,15.784,17.285,42.822,29.93,245.525,98.532,175.242,14.883, 
El Sauzal de Rodrguez,252.05,225.94,263.584,31.268,14.716,254.107,82.874,284.579,101.099,54.999,121.36,268.692,276.859,144.77,95.986,54.22,293.194,275.055,308.459,303.538,304.51,86.203,82.287,286.219,34.73,106.921,98.995,292.028,87.424,0,104.375,101.133,222.956,111.107,258.701,94.689,294.663,89.185,102.127,26.314,86.534,228.104,86.076,96.417,106.758,74.94,307.988,11.717,237.705,95.036, 
El Nio,172.484,146.374,184.018,101.571,120.682,174.541,29.647,205.013,4.026,159.379,6.909,189.126,197.293,65.204,36.609,53.198,213.628,195.489,228.893,223.972,224.944,40.483,43.026,206.653,139.11,26.135,6.761,212.462,25.243,104.375,0,28.262,142.438,8.13,178.183,21.817,214.145,30.873,6.233,130.51,29.051,147.586,38.65,9.881,24.766,47.311,227.47,115.913,157.187,27.936, 
Villa del Prado,202.964,176.854,214.498,113.132,117.44,205.021,4.053,235.493,24.556,156.137,35.738,219.606,227.773,95.685,65.194,49.956,244.108,225.969,259.373,254.452,255.424,15.587,11.251,237.133,135.868,58.913,22.452,242.942,4.833,101.133,28.262,0,163.855,35.337,199.6,4.123,235.562,3.25,26.517,112.869,7.282,169.003,13.995,20.647,46.184,14.597,248.887,98.272,178.604,18.245, 
Progreso,38.999,6.387,50.533,193.66,233.041,39.707,164.897,71.528,143.786,277.961,136.069,54.292,63.808,86.718,128.698,188.448,80.143,60.655,95.408,89.138,90.11,172.779,175.322,71.819,257.692,122.417,142.988,78.977,160.493,222.956,142.438,163.855,0,133.311,25.952,164.021,71.727,173.077,150.379,245.257,166.593,5.147,165.743,153.868,117.729,189.515,92.172,230.66,16.593,155.029, 
Villa del Campo,165.809,139.699,177.343,94.896,127.414,167.866,36.379,198.338,11.235,166.111,1.761,182.451,190.618,58.529,29.934,59.93,206.953,188.814,222.218,217.297,218.269,47.215,49.758,199.978,145.842,19.46,14.47,205.787,31.975,111.107,8.13,35.337,133.311,0,171.512,28.991,207.474,38.047,17.31,146.763,36.226,140.915,45.825,17.055,18.095,54.485,220.799,132.166,150.516,35.111, 
Puebla,9.664,23.345,21.198,229.405,268.786,13.429,200.642,42.193,179.531,313.706,171.814,28.014,34.473,122.462,164.443,224.193,50.808,34.377,66.073,64.051,65.022,208.524,211.067,57.111,293.437,158.162,178.733,49.642,196.238,258.701,178.183,199.6,25.952,171.512,0,199.271,49.09,208.327,185.629,280.507,201.843,25.759,200.993,189.118,152.979,224.765,62.415,265.91,11.854,190.279, 
Las Delicias,196.519,170.409,208.053,106.688,110.996,198.576,3.602,229.048,18.111,149.693,29.293,213.161,221.328,89.24,58.749,43.512,237.663,219.524,252.928,248.007,248.979,19.12,12.453,230.688,129.424,52.468,16.007,236.497,3.929,94.689,21.817,4.123,164.021,28.991,199.271,0,235.888,6.401,26.843,111.367,10.433,169.329,17.146,20.973,46.51,28.167,249.213,96.77,178.93,18.571, 
Ciudad Guadalupe Victoria (Kilmetro Cuarenta y Tres),41.17,70.482,39.008,265.367,304.748,32.524,236.604,47.808,215.493,349.668,207.776,18.314,40.088,158.424,200.405,260.155,40.7,11.576,71.688,18.692,19.663,244.486,247.029,12.017,329.399,194.124,214.695,55.257,232.2,294.663,214.145,235.562,71.727,207.474,49.09,235.888,0,239.682,216.984,311.862,233.198,71.063,232.348,220.473,184.334,256.12,46.664,297.265,57.926,221.634, 
Villa del Prado 2da Seccin,205.575,179.465,217.109,101.184,105.492,207.632,6.664,238.104,27.167,144.189,38.349,222.217,230.384,98.296,67.805,38.008,246.719,228.58,261.984,257.063,258.035,14.945,9.826,239.744,123.92,61.524,25.063,245.553,2.82,89.185,30.873,3.25,173.077,38.047,208.327,6.401,239.682,0,24.459,115.264,6.64,166.945,13.353,18.589,44.126,15.084,246.829,100.667,176.546,16.187, 
Terrazas del Valle,182.877,156.767,194.411,110.069,118.434,184.934,27.559,215.406,3.094,157.131,17.612,199.519,207.686,75.598,45.107,50.95,224.021,205.882,239.286,234.365,235.337,38.395,40.938,217.046,136.862,38.826,3.599,222.855,23.155,102.127,6.233,26.517,150.379,17.31,185.629,26.843,216.984,24.459,0,128.659,27.325,158.897,27.869,5.301,37.837,45.46,238.781,114.062,168.498,17.155, 
Rodolfo Snchez Taboada (Maneadero),277.755,251.645,289.289,56.973,26.337,279.812,108.579,310.284,126.804,59.256,147.065,294.397,302.564,170.475,121.691,79.925,318.899,300.76,334.164,329.243,330.215,111.908,107.992,311.924,9.065,132.626,124.7,317.733,113.129,26.314,130.51,112.869,245.257,146.763,280.507,111.367,311.862,115.264,128.659,0,112.648,254.219,112.19,122.531,132.873,101.054,334.103,15.101,263.82,121.15, 
La Joya,199.091,172.981,210.625,98.533,102.841,201.148,10.696,231.62,25.346,141.538,36.528,215.733,223.9,91.812,61.321,35.357,240.235,222.096,255.5,250.579,251.551,9.138,8.424,233.26,121.269,55.04,23.241,239.069,7.997,86.534,29.051,7.282,166.593,36.226,201.843,10.433,233.198,6.64,27.325,112.648,0,175.765,7.534,21.009,54.705,12.36,255.649,97.867,185.366,12.221, 
Santa Isabel,33.363,2.32,44.897,198.808,238.189,39.013,170.045,65.892,148.934,283.109,141.217,53.598,58.172,91.866,133.846,193.596,74.507,59.961,89.772,88.444,89.416,177.927,180.47,71.125,262.84,127.565,148.136,73.341,165.641,228.104,147.586,169.003,5.147,140.915,25.759,169.329,71.063,166.945,158.897,254.219,175.765,0,170.891,159.016,122.877,194.663,86.128,235.808,13.195,160.177, 
Prticos de San Antonio,198.241,172.131,209.775,98.075,102.383,200.298,17.409,230.77,34.945,141.08,46.127,214.883,223.05,90.962,60.471,34.899,239.385,221.246,254.65,249.729,250.701,4.131,7.991,232.41,120.811,54.19,32.84,238.219,15.784,86.076,38.65,13.995,165.743,45.825,200.993,17.146,232.348,13.353,27.869,112.19,7.534,170.891,0,30.78,55.122,10.547,256.066,96.053,185.783,12.638, 
El Refugio,186.366,160.256,197.9,113.558,112.724,188.423,21.689,218.895,6.175,151.421,17.357,203.008,211.175,79.087,48.596,45.24,227.51,209.371,242.775,237.854,238.826,32.525,35.068,220.535,131.152,29.302,4.071,226.344,17.285,96.417,9.881,20.647,153.868,17.055,189.118,20.973,220.473,18.589,5.301,122.531,21.009,159.016,30.78,0,27.89,39.73,230.593,108.332,160.31,20.356, 
Tecate,150.227,124.117,161.761,77.462,116.843,152.284,47.226,182.756,26.114,161.763,18.397,166.869,175.036,42.947,12.499,70.776,191.371,173.232,206.636,201.715,202.687,56.867,59.41,184.396,141.494,3.702,25.316,190.205,42.822,106.758,24.766,46.184,117.729,18.095,152.979,46.51,184.334,44.126,37.837,132.873,54.705,122.877,55.122,27.89,0,65.381,206.473,117.667,136.19,42.032, 
Playas de Rosarito,222.013,195.903,233.547,86.939,91.247,224.07,25.38,254.542,43.605,129.944,54.787,238.655,246.822,114.734,84.243,23.763,263.157,245.018,278.422,273.501,274.473,11.805,7.889,256.182,109.675,77.962,41.501,261.991,29.93,74.94,47.311,14.597,189.515,54.485,224.765,28.167,256.12,15.084,45.46,101.054,12.36,194.663,10.547,39.73,65.381,0,268.107,86.302,197.824,20.783, 
San Luis Ro Colorado,54.495,83.807,42.028,278.692,318.073,75.402,249.929,30.777,228.818,362.993,221.101,66.162,30.77,171.749,213.73,273.48,21.825,72.927,41.398,45.091,45.736,257.811,260.354,64.53,342.724,207.449,228.02,28.677,245.525,307.988,227.47,248.887,92.172,220.799,62.415,249.213,46.664,246.829,238.781,334.103,255.649,86.128,256.066,230.593,206.473,268.107,0,315.957,77.968,240.326, 
Ensenada,263.158,237.048,274.692,42.376,12.661,265.215,93.982,295.687,112.207,45.58,132.468,279.8,287.967,155.878,107.094,65.328,304.302,286.163,319.567,314.646,315.618,97.311,93.395,297.327,23.722,118.029,110.103,303.136,98.532,11.717,115.913,98.272,230.66,132.166,265.91,96.77,297.265,100.667,114.062,15.101,97.867,235.808,96.053,108.332,117.667,86.302,315.957,0,248.572,105.902, 
Mexicali,25.169,10.874,36.703,208.409,247.79,25.876,179.646,57.698,158.535,292.71,150.818,40.461,49.978,101.467,143.447,203.197,66.313,46.824,81.578,75.307,76.279,187.528,190.071,57.988,272.441,137.166,157.737,65.147,175.242,237.705,157.187,178.604,16.593,150.516,11.854,178.93,57.926,176.546,168.498,263.82,185.366,13.195,185.783,160.31,136.19,197.824,77.968,248.572,0,169.19, 
Tijuana,187.527,161.417,199.061,114.719,111.343,189.584,19.287,220.056,24.231,150.04,35.413,204.169,212.336,80.248,49.757,43.859,228.671,210.532,243.936,239.015,239.987,14.383,16.926,221.696,129.771,43.476,22.126,227.505,14.883,95.036,27.936,18.245,155.029,35.111,190.279,18.571,221.634,16.187,17.155,121.15,12.221,160.177,12.638,20.356,42.032,20.783,240.326,105.902,169.19,0, 
