LOCALIDADES,San Miguel Agua Bendita,Buenavista,San Lorenzo Querndaro,Guarda la Lagunita (Las Canoas),San Jernimo de los Jarros,San Isidro Boxipe,San Jernimo Bonchete,San Antonio Villalongn,San Francisco Curungueo,San Juan Jalpa Centro,Pursima Concepcin Mayorazgo (Mayorazgo),Senguio,Sitio Ejido,Ejido Loma de Malacota (Loma de Malacota),Tzintzingareo,San Felipe los Alzati (Colonia Nueva),Jalpa de los Baos,Tuzantla,Santa Cruz Bombatevi,Barrio San Joaqun la Cabecera,Barrio de San Pedro la Cabecera,San Sebastin Buenos Aires (San Sebastin),La Puerta del Pilar,Barrio San Joaqun el Junco,San Juan,Zacazonapan,Bombatevi Ejido (Ejido Santa Cruz Bombatevi),Manzana de San Luis,Irimbo,San Juan Xoconusco,San Lucas Ocotepec,Cieneguillas de Guadalupe,San Agustn Citlali,Tecoac (Santa Mara Nativitas),San Ildefonso Tultepec (Centro),Santa Ana la Ladera,San Felipe Santiago,San Lorenzo Malacota,San Lorenzo Toxico,San Felipe Santiago,Dolores Hidalgo,San Marcos de la Loma,Mextepec (Ex-Hacienda Mextepec),San Jernimo Ixtapantongo,Tlalpujahua de Rayn,San Antonio de las Huertas,Barrio Cuarto (La Loma),San Agustn de las Palmas (San Agustn),Benito Jurez,Santiago Puriatzcuaro,Emilio Portes Gil,Santiago Coachochitln,Manzana Tercera de Santa Cruz Tepexpan,San Lucas Totolmaloya,Ocampo,Guadalupe Cachi,Villa Victoria,Santa Clara de Jurez,San Juan de las Manzanas,Pueblo Nuevo,Los Reyes,Agostitln,Villa de Acambay de Ruz Castaeda,Santa Mara del Llano,Calvario del Carmen,Contepec,San Pedro del Rosal,San Matas Grande,San Cristbal los Baos,San Felipe del Progreso,San Ildefonso,Pueblo Nuevo,La Magdalena,Santa Ana Ixtlahuaca (Santa Ana Ixtlahuacingo),Tungareo,Mineral de Angangueo,Manzana Cuarta de Santa Cruz Tepexpan,San Antonio Enchisi,San Agustn Mextepec,San Pedro el Alto,Santiago Casandeje,San Bartolo Cuitareo,San Simn de la Laguna,Jungapeo de Jurez,San Juan Coajomulco,San Miguel la Labor,Colorines,El Oro de Hidalgo,San Miguel Tenochtitln,Santiago Acutzilapan,San Nicols Guadalupe,Santa Mara Citendeje,Rincn de Nicols Romero (Cedros Tercera Manzana),Ixtlahuaca de Rayn,San Francisco Tepeolulco,La Concepcin los Baos,Emiliano Zapata (Santo Domingo),San Lorenzo Tlacotepec,Jocotitln,Santo Domingo de Guzmn,Tuxpan,San Pedro los Baos,San Bartolo del Llano,Temascalcingo de Jos Mara Velasco,Atlacomulco de Fabela,Valle de Bravo,Maravato de Ocampo,Ciudad Hidalgo,Herica Zitcuaro, 
San Miguel Agua Bendita,0,51.923,65.857,15.758,49.438,29.733,21.787,115.677,62.28,24.366,16.272,55.497,38.661,71.093,69.653,58.248,32.784,111.134,36.162,48.529,49.378,69.904,35.329,46.256,73.836,134.722,41.069,43.828,61.72,65.74,21.404,57.212,49.535,38.137,95.21,36.118,61.03,77.482,54.173,42.49,26.963,26.466,37.005,49.516,35.054,22.252,60.537,71.791,83.585,103.822,29.951,39.036,54.555,87.714,42.576,41.514,37.424,69.442,39.147,77.156,57.714,95.486,57.831,55.615,9.754,52.811,43.19,80.531,30.717,22.117,44.28,65.764,50.148,31.27,74.591,35.122,52.96,45.217,29.889,27.6,31.104,78.325,64.482,73.621,27.95,13.846,95.014,27.29,29.51,49.535,9.425,35.536,56.968,47.459,35.815,35.277,42.976,39.056,51.249,48.768,63.725,38.932,50.541,46.398,35.019,82.791,72.907,71.588,56.909, 
Buenavista,51.923,0,51.953,34.82,49.752,68.829,69.242,101.773,93.275,56.68,56,30.943,128.743,87.76,41.074,89.243,71.089,151.553,51.807,82.418,82.418,85.842,78.325,82.063,160.977,215.686,51.33,62.583,47.816,119.16,60.024,139.809,96.948,54.075,101.882,77.703,93.348,94.149,90.665,148.91,60.696,87.248,128.126,84.937,19.569,76.577,76.475,166.06,124.004,54.756,63.684,32.185,86.873,94.386,69.162,80.308,80.42,85.38,87.429,93.823,74.381,82.157,64.503,80.609,63.877,9.44,59.128,60.171,70.708,53.657,83.294,72.436,43.297,83.684,16.876,53.877,85.278,63.161,63.622,67.593,45.324,64.421,158.751,82.896,48.007,72.974,181.514,23.781,59.085,65.473,64.796,46.696,101.935,80.084,39.619,68.531,83.225,53.934,67.916,77.648,70.102,68.897,82.697,39.547,51.339,163.755,23.841,57.684,96.971, 
San Lorenzo Querndaro,65.857,51.953,0,62.439,92.242,111.319,127.292,52.083,38.977,99.17,74.953,21.683,108.898,130.25,12.95,34.946,113.579,97.256,94.297,140.184,142.5,128.332,92.634,141.82,103.734,173.757,93.82,40.405,4.814,64.863,80.085,102.969,136.138,96.565,144.372,120.193,151.349,136.639,137.564,73.926,103.186,111.583,121.394,138.915,67.549,115.356,118.965,84.802,69.707,36.868,106.174,74.675,144.874,136.876,28.692,122.798,86.924,127.87,129.919,136.313,116.871,32.467,106.993,123.099,73.312,66.803,101.618,18.952,113.198,96.147,143.051,114.926,85.787,126.869,37.479,31.699,142.718,105.651,106.112,110.083,87.814,14.731,94.38,28.599,90.497,75.614,124.912,61.48,101.575,107.963,72.983,89.186,47.637,122.574,82.109,111.021,125.715,96.424,110.406,120.138,15.805,111.387,125.187,82.037,93.829,121.738,28.579,7.994,42.674, 
Guarda la Lagunita (Las Canoas),15.758,34.82,62.439,0,43.261,36.656,33.206,113.966,60.569,25.926,17.833,40.755,53.948,72.654,55.43,56.537,34.344,118.847,37.723,54.215,55.064,71.465,43.967,51.942,82.474,143.36,42.63,42.117,60.009,74.378,22.965,65.85,59.928,39.698,96.771,41.804,66.716,79.043,59.859,51.128,28.523,44.873,52.292,55.202,17.86,37.539,62.098,80.429,91.298,86.628,31.511,28.515,60.241,89.275,40.865,47.2,46.062,71.003,44.833,78.717,59.275,93.775,59.392,61.301,22.625,35.617,44.751,78.82,32.277,23.678,49.966,67.325,39.627,39.882,57.397,33.411,58.646,46.778,31.449,35.42,32.665,76.614,73.12,71.91,29.511,27.965,103.652,12.63,31.071,51.096,23.544,37.097,69.228,53.145,30.851,36.837,48.661,40.617,52.81,54.454,62.014,40.492,56.227,35.877,36.58,91.429,55.713,69.877,64.265, 
San Jernimo de los Jarros,49.438,49.752,92.242,43.261,0,40.237,40.65,140.993,142.925,28.088,33.246,83.418,90.173,49.19,80.294,146.732,32.519,193.783,12.328,43.848,43.848,47.272,105.712,43.493,122.407,177.116,8.922,86.357,87.036,140.347,31.433,101.239,58.378,15.505,51.355,39.133,54.778,55.579,52.095,110.34,32.104,58.656,89.556,46.367,45.839,47.985,37.905,127.49,166.234,93.976,35.092,16.01,48.303,43.859,85.106,41.738,100.002,46.81,48.859,55.253,35.811,121.377,14.329,42.039,43.009,41.464,20.558,99.391,32.138,25.065,44.724,9.725,22.536,45.114,64.745,77.651,46.708,24.591,35.03,39.001,20.37,103.641,120.181,122.116,23.053,44.382,142.944,33.451,19.166,26.903,43.928,19.144,139.617,41.514,13.858,29.961,44.655,9.258,29.346,39.078,109.322,30.327,44.127,20.011,12.113,125.185,63.061,96.904,139.558, 
San Isidro Boxipe,29.733,68.829,111.319,36.656,40.237,0,17.07,154.569,87.558,15.132,21.287,76.441,25.124,37.058,101.14,91.365,13.087,138.416,29.271,17.907,18.756,53.055,47.641,15.634,62.716,130.205,34.178,74.397,92.289,84.981,14.367,43.169,23.621,31.02,88.319,5.497,30.409,38.459,23.551,54.974,9.819,22.232,23.468,18.894,55.998,17.131,45.452,72.577,110.867,114.822,6.779,42.94,23.934,80.823,73.146,10.893,41.931,50.61,8.526,43.121,20.158,130.616,50.94,24.994,31.049,62.31,30.978,141.069,17.655,15.55,13.658,58.873,54.053,3.575,85.591,65.691,22.339,27.036,5.876,2.749,24.213,136.848,65.268,108.751,21.059,18.053,95.8,47.197,22.619,37.868,21.476,28.645,84.25,16.838,34.723,14.942,12.354,32.165,20.208,18.147,110.89,13.398,19.92,50.303,28.128,78.274,83.907,130.111,84.191, 
San Jernimo Bonchete,21.787,69.242,127.292,33.206,40.65,17.07,0,153.725,86.714,16.813,16.301,72.945,28.345,49.348,102.821,90.521,19.975,137.572,30.952,34.63,35.479,59.77,38.274,32.357,74.651,129.36,35.859,64.017,81.909,84.136,10.841,46.39,40.343,32.927,90,22.219,47.131,55.737,40.274,54.129,11.5,22.607,26.689,35.617,52.502,11.936,52.167,71.732,110.023,116.503,11.926,44.621,40.656,82.504,62.765,27.615,41.087,57.701,25.248,55.411,35.969,129.772,52.621,41.716,18.943,63.991,37.98,140.225,24.542,17.231,30.381,60.554,55.734,20.297,87.272,55.311,39.061,40.007,11.864,15.835,25.894,136.004,64.423,107.907,22.74,8.334,94.955,44.738,24.3,44.325,12.361,30.326,83.406,33.56,36.404,21.83,29.076,33.846,32.95,34.869,110.046,25.485,36.642,51.984,29.809,77.429,85.588,129.267,83.347, 
San Antonio Villalongn,115.677,101.773,52.083,113.966,140.993,154.569,153.725,0,94.712,153.688,129.471,76.201,164.633,184.768,59.222,90.681,168.097,152.991,148.815,195.919,198.235,182.85,148.369,197.555,159.469,229.492,148.338,94.923,59.332,120.598,134.603,158.704,191.873,151.083,198.89,174.711,207.084,191.157,193.299,129.661,157.704,167.318,177.129,194.65,122.067,171.091,173.483,140.537,125.442,69.172,160.692,129.193,200.609,191.394,83.21,177.316,142.659,182.388,184.437,190.831,171.389,24.459,161.511,177.617,127.83,121.321,156.136,46.056,167.716,150.665,198.786,169.444,140.305,182.604,91.997,86.217,198.453,160.169,160.63,164.601,142.332,37.455,150.115,84.334,145.015,130.132,180.647,115.998,156.093,162.481,127.501,143.704,103.372,177.092,136.627,165.539,180.233,150.942,164.924,174.656,71.54,165.905,198.461,136.555,148.347,177.473,83.097,48.634,98.409, 
San Francisco Curungueo,62.28,93.275,38.977,60.569,142.925,87.558,86.714,94.712,0,81.902,73.809,62.8,72.995,124.278,53.16,5.07,128.396,61.352,135.69,104.281,106.597,140.275,56.731,105.917,67.831,137.854,136.941,31.509,45.931,28.96,78.941,67.066,100.235,132.463,191.082,116.87,115.446,123.496,101.661,38.023,84.499,75.68,85.491,103.012,63.067,79.453,132.672,48.899,33.803,72.69,98.342,115.792,108.971,183.586,20.138,113.489,51.021,137.83,113.098,130.341,121.671,44.32,153.703,112.392,72.168,107.92,132.421,54.774,130.485,79.654,107.148,161.636,126.904,90.966,78.596,30.556,106.815,128.479,97.439,93.815,88.641,50.553,58.477,22.455,85.487,82.156,89.009,69.303,87.047,139.311,84.713,139.744,11.734,105.442,123.226,125.974,109.876,138.905,121.651,109.466,24.594,123.336,106.823,123.154,133.728,85.835,69.696,43.816,6.771, 
San Juan Jalpa Centro,24.366,56.68,99.17,25.926,28.088,15.132,16.813,153.688,81.902,0,10.511,65.665,39.288,38.589,88.99,78.042,8.578,148.515,17.121,33.247,33.247,50.863,49.217,30.416,111.806,166.515,22.028,63.621,95.732,95.079,8.697,57.333,38.403,19.096,76.169,15.774,44.177,44.978,41.494,65.072,6.998,33.55,37.632,35.766,44.908,22.879,41.496,82.675,120.966,102.672,11.046,30.79,37.702,68.673,62.37,19.819,52.03,50.401,23.308,44.652,25.21,115.28,38.79,31.438,20.273,50.16,24.149,108.087,8.453,3.4,28.44,46.723,41.903,18.357,73.441,54.915,36.107,26.176,9.924,13.895,12.063,112.337,75.366,93.415,8.909,19.276,105.898,35.047,10.469,30.494,21.193,16.495,94.349,30.913,22.573,11.071,23.266,20.015,22.191,28.477,83.519,14.726,33.526,38.153,15.978,114.584,71.757,105.6,94.29, 
Pursima Concepcin Mayorazgo (Mayorazgo),16.272,56,74.953,17.833,33.246,21.287,16.301,129.471,73.809,10.511,0,57.572,40.032,57.239,88.263,69.949,18.929,132.259,22.308,38.8,39.649,56.05,42.893,36.527,81.401,141.047,27.215,55.528,73.42,73.305,5.446,58.077,44.513,24.283,81.356,26.389,51.301,63.628,44.444,50.055,13.108,34.294,38.376,39.787,37.129,23.623,46.683,79.356,104.71,101.945,16.096,30.063,44.826,73.86,54.277,31.785,44.988,55.588,29.418,63.302,43.86,107.187,43.977,45.886,12.181,49.433,29.336,92.231,16.862,8.263,34.551,51.91,41.176,24.467,72.714,46.822,43.231,31.363,16.034,20.005,17.25,90.025,72.047,85.322,14.096,17.521,102.579,29.365,15.656,35.681,13.1,21.682,82.64,37.73,27.76,21.422,33.246,25.202,37.395,39.039,75.426,25.077,40.812,37.426,21.165,89.116,71.03,83.288,77.677, 
Senguio,55.497,30.943,21.683,40.755,83.418,76.441,72.945,76.201,62.8,65.665,57.572,0,132.976,107.915,17.54,59.024,91.244,121.334,71.962,102.573,102.573,105.997,116.712,102.218,127.812,197.835,71.485,47.802,17.597,88.941,62.459,127.047,117.103,74.23,122.037,97.858,113.503,114.304,110.82,98.004,68.017,80.161,145.472,105.092,33.847,75.186,96.63,108.88,93.785,53.453,71.005,52.34,107.028,114.541,36.089,100.463,111.002,105.535,107.584,113.978,94.536,51.938,84.658,100.764,62.119,38.217,79.283,36.408,90.863,73.812,103.449,92.591,63.452,79.376,29.795,39.096,105.433,83.316,70.943,74.914,65.479,34.202,118.458,52.677,68.162,67.459,148.99,40.083,79.24,85.628,63.038,66.851,71.716,100.239,59.774,88.686,103.38,74.089,88.071,97.803,39.883,89.052,102.852,59.702,71.494,145.816,21.439,27.465,66.752, 
Sitio Ejido,38.661,128.743,108.898,53.948,90.173,25.124,28.345,164.633,72.995,39.288,40.032,132.976,0,60.299,116.596,68.505,37.578,115.556,71.712,40.303,42.618,76.296,24.781,28.158,39.856,107.345,72.963,94.945,109.366,62.121,35.53,20.309,20.356,68.485,127.104,29.467,51.468,59.518,23.814,32.114,35.541,12.76,2.118,27.95,84.429,20.189,68.693,49.717,88.007,136.125,32.5,68.661,44.993,119.608,83.574,33.372,19.071,73.851,29.345,66.362,45.227,107.756,89.725,37.517,37.931,114.414,68.443,118.209,43.377,41.271,26.182,97.658,79.774,23.77,137.695,93.992,42.837,64.501,31.597,30.033,49.934,113.988,42.408,85.891,46.78,27.927,72.94,76.665,48.34,75.333,31.35,54.366,61.39,29.361,60.444,38.524,24.878,74.927,57.672,30.67,88.03,38.467,32.443,76.024,53.849,55.414,133.131,107.251,61.331, 
Ejido Loma de Malacota (Loma de Malacota),71.093,87.76,130.25,72.654,49.19,37.058,49.348,184.768,124.278,38.589,57.239,107.915,60.299,0,117.586,125.439,28.76,172.49,36.054,18.437,17.313,19.145,84.419,20.524,101.114,155.823,37.305,107.321,124.328,119.054,44.771,79.946,37.085,32.828,91.446,30.463,7.944,7.123,30.802,89.047,38.335,52.209,68.263,23.323,83.131,53.247,15.507,106.197,144.941,131.268,35.991,59.78,13.998,83.95,140.508,21.092,78.709,19.549,27.567,7.537,12.576,164.69,54.067,10.03,63.973,78.756,30.607,136.683,30.85,46.029,21.755,62,72.708,35.665,102.037,98.615,15.439,28.844,40.754,37.48,48.297,140.933,98.888,142.825,47.662,51.206,121.651,62.787,40.13,25.061,57.592,40.108,118.324,19.053,50.313,26.338,23.363,39.269,17.025,17.786,144.964,23.7,15.552,67.142,34.092,103.892,100.353,134.196,118.265, 
Tzintzingareo,69.653,41.074,12.95,55.43,80.294,101.14,102.821,59.222,53.16,88.99,88.263,17.54,116.596,117.586,0,49.302,102.736,111.612,83.454,114.065,114.065,117.489,106.99,113.71,118.09,188.113,82.977,44.317,8.962,79.219,91.671,117.325,128.595,85.722,133.529,109.35,124.995,125.796,122.312,88.282,92.343,125.939,135.75,116.584,56.706,129.712,108.122,99.158,84.063,26.712,95.331,63.832,118.52,126.033,32.604,111.955,101.28,117.027,119.076,125.47,106.028,44.078,96.15,112.256,77.224,55.96,90.775,19.457,102.355,85.304,114.941,104.083,74.944,115.331,26.636,35.611,116.925,94.808,95.269,99.24,76.971,26.342,108.736,42.955,79.654,79.526,139.268,60.917,90.732,97.12,76.895,78.343,61.993,111.731,71.266,100.178,114.872,85.581,99.563,109.295,30.161,100.544,114.344,71.194,82.986,136.094,17.736,13.63,57.03, 
San Felipe los Alzati (Colonia Nueva),58.248,89.243,34.946,56.537,146.732,91.365,90.521,90.681,5.07,78.042,69.949,59.024,68.505,125.439,49.302,0,131.836,64.793,139.13,107.721,110.037,143.715,60.171,109.357,71.271,141.294,140.381,26.54,40.961,32.4,73.972,70.506,103.675,135.903,194.522,120.31,118.886,126.936,105.101,41.463,79.53,79.12,88.931,106.452,58.098,82.893,136.112,52.339,37.244,67.72,82.518,110.822,112.411,187.026,15.169,116.929,54.461,141.27,116.538,133.781,125.111,39.35,157.143,115.832,67.199,102.95,135.861,49.804,83.284,74.685,110.588,165.076,121.934,94.406,73.626,25.587,110.255,131.919,82.456,97.255,83.672,45.583,61.917,17.486,80.518,85.596,92.449,64.334,82.078,142.751,66.87,88.104,15.174,108.882,118.256,129.414,113.316,142.345,125.091,112.906,19.624,126.776,110.263,118.184,137.168,89.275,64.726,38.846,10.211, 
Jalpa de los Baos,32.784,71.089,113.579,34.344,32.519,13.087,19.975,168.097,128.396,8.578,18.929,91.244,37.578,28.76,102.736,131.836,0,175.226,31.343,25.291,25.291,41.055,52.327,24.936,103.85,158.559,32.594,72.039,119.617,121.79,17.271,82.682,39.821,28.116,86.735,10.251,36.221,37.022,33.538,91.783,8.71,36.66,34.977,27.81,53.803,25.989,33.452,108.933,147.677,126.557,8.491,55.069,29.746,79.239,70.788,12.891,81.445,38.986,17.772,36.696,17.254,167.426,49.356,23.482,28.691,74.045,28.074,131.972,4.201,11.818,26.167,57.289,67.997,15.084,97.326,63.333,28.151,24.132,10.645,11.851,20.481,136.222,101.624,145.561,17.327,23.706,124.387,43.942,15.238,34.964,27.733,21.264,121.06,22.957,31.468,3.115,17.435,34.558,14.235,20.521,147.7,6.77,25.57,62.431,29.381,106.628,95.642,129.485,121.001, 
Tuzantla,111.134,151.553,97.256,118.847,193.783,138.416,137.572,152.991,61.352,148.515,132.259,121.334,115.556,172.49,111.612,64.793,175.226,0,184.861,153.452,155.768,189.446,105.902,155.088,117.002,92.216,186.112,90.846,105.267,54.997,146.799,116.237,149.406,181.634,240.253,166.041,164.617,172.667,150.832,87.194,147.458,124.851,134.662,152.183,122.404,128.624,181.843,73.838,28.286,132.026,147.513,175.128,158.142,232.757,79.475,162.66,100.192,187.001,162.269,179.512,170.842,103.657,202.874,161.563,138.661,167.256,181.592,114.11,179.656,138.991,156.319,210.807,186.24,140.137,137.932,89.893,155.986,177.65,146.61,142.986,147.978,109.889,107.648,64.199,144.824,131.327,82.409,128.64,188.937,188.482,133.884,188.915,60.043,154.613,199.12,175.145,159.047,188.076,170.822,158.637,83.931,172.507,155.994,182.49,182.899,135.006,129.032,103.152,55.641, 
Santa Cruz Bombatevi,36.162,51.807,94.297,37.723,12.328,29.271,30.952,148.815,135.69,17.121,22.308,71.962,71.712,36.054,83.454,139.13,31.343,184.861,0,34.665,34.665,38.208,96.529,34.31,113.224,167.933,3.291,74.714,91.587,131.164,19.79,92.056,49.195,6.441,59.641,29.95,45.595,46.396,42.912,101.157,20.461,47.013,80.373,37.184,50.39,36.342,28.841,118.307,157.051,98.527,23.449,20.104,39.12,52.145,73.463,32.555,90.819,37.746,39.676,46.07,26.628,125.928,22.262,32.856,31.366,46.015,11.494,103.942,22.955,13.422,35.541,21.774,38.151,31.82,69.296,66.008,37.525,15.408,23.387,27.358,15.69,108.192,110.998,126.667,15.055,32.739,133.761,30.18,7.523,17.839,32.285,7.501,130.434,32.331,15.417,20.778,35.472,3.242,20.163,29.895,113.873,21.144,34.944,34.401,2.437,116.002,67.612,101.455,130.375, 
Barrio San Joaqun la Cabecera,48.529,82.418,140.184,54.215,43.848,17.907,34.63,195.919,104.281,33.247,38.8,102.573,40.303,18.437,114.065,107.721,25.291,153.452,34.665,0,1.282,37.642,63.626,3.067,80.321,135.03,34.308,91.957,121.331,98.261,31.927,59.153,16.292,29.83,88.449,14.02,13.526,21.576,10.009,68.254,27.379,34.891,47.47,6.263,80.134,35.929,30.039,85.404,124.148,128.271,24.338,56.783,7.051,80.953,119.715,10.639,57.916,35.197,10.248,27.708,19.038,143.897,51.07,10.472,48.609,75.759,29.788,154.35,27.852,43.032,4.298,59.003,69.711,18.347,99.04,83.251,4.895,25.846,23.435,20.162,45.3,150.129,78.095,122.032,44.665,38.362,100.858,59.79,37.133,36.678,40.274,37.111,97.531,2.592,47.316,23.341,7.026,36.272,19.018,6.833,124.171,20.703,4.903,64.145,31.095,83.099,97.356,143.392,97.472, 
Barrio de San Pedro la Cabecera,49.378,82.418,142.5,55.064,43.848,18.756,35.479,198.235,106.597,33.247,39.649,102.573,42.618,17.313,114.065,110.037,25.291,155.768,34.665,1.282,0,34.614,64.505,3.916,81.2,135.909,34.647,92.806,121.67,99.14,32.776,60.032,17.17,30.169,88.788,14.559,11.972,20.022,10.887,69.133,28.228,35.74,48.349,6.716,80.473,36.778,27.011,86.283,125.027,128.61,25.187,57.122,5.497,81.292,120.594,11.178,58.795,32.169,11.097,24.68,19.376,144.776,51.409,8.917,49.458,76.098,30.127,155.229,28.191,43.37,5.147,59.342,70.05,19.196,99.379,84.1,3.34,26.185,24.284,21.011,45.638,151.008,78.974,122.911,45.003,39.211,101.737,60.128,37.471,37.017,41.123,37.449,98.41,2.797,47.654,23.679,7.459,36.611,19.356,6.043,125.05,21.041,3.348,64.484,31.434,83.978,97.695,144.271,98.351, 
San Sebastin Buenos Aires (San Sebastin),69.904,85.842,128.332,71.465,47.272,53.055,59.77,182.85,140.275,50.863,56.05,105.997,76.296,19.145,117.489,143.715,41.055,189.446,38.208,37.642,34.614,0,102.09,39.871,118.785,173.494,38.447,111.665,125.47,136.725,56.741,97.617,54.756,32.162,81.723,48.134,27.089,16.065,48.473,106.718,57.412,69.88,85.934,42.745,84.273,70.918,10.299,123.868,162.612,132.41,49.603,60.922,33.143,74.227,110.414,38.763,96.38,2.767,45.238,11.942,24.306,159.811,44.344,27.701,68.317,79.898,27.654,137.825,46.976,50.373,41.102,52.277,62.985,53.336,103.179,102.959,34.584,32.063,58.425,55.151,52.641,142.075,116.559,160.496,52.006,69.69,139.322,67.131,44.474,22.108,69.236,44.452,135.995,37.892,52.585,39.95,41.034,40.411,25.768,35.457,162.635,37.312,33.223,68.284,35.234,121.563,101.495,135.338,135.936, 
La Puerta del Pilar,35.329,78.325,92.634,43.967,105.712,47.641,38.274,148.369,56.731,49.217,42.893,116.712,24.781,84.419,106.99,60.171,52.327,105.902,96.529,63.626,64.505,102.09,0,67.947,43.175,104.061,98.971,68.086,100.779,53.534,44.126,26.551,62.265,94.493,153.112,48.831,77.476,85.526,63.691,23.527,44.785,22.772,44.975,65.042,62.877,25.951,94.702,41.13,79.42,127.538,44.84,66.859,71.001,145.616,74.987,54.227,6.763,99.86,51.86,92.371,83.701,99.169,115.733,74.422,35.988,80.634,94.451,109.622,55.872,48.352,69.178,123.666,77.971,42.54,102.414,59.38,68.845,90.509,43.937,40.313,59.179,105.401,33.821,77.304,56.025,28.654,64.353,55.113,57.585,101.341,31.211,63.611,52.803,67.472,69.196,53.159,71.906,100.935,83.681,71.496,79.443,85.366,68.853,74.221,95.758,52.13,87.839,98.664,52.744, 
Barrio San Joaqun el Junco,46.256,82.063,141.82,51.942,43.493,15.634,32.357,197.555,105.917,30.416,36.527,102.218,28.158,20.524,113.71,109.357,24.936,155.088,34.31,3.067,3.916,39.871,67.947,0,82.202,136.911,34.882,89.682,121.905,100.142,29.652,61.034,14.668,30.404,89.023,13.2,15.12,23.17,8.074,70.135,25.104,32.616,49.351,3.609,80.708,33.654,30.612,87.285,126.029,128.845,22.063,57.357,8.645,81.527,121.596,9.819,59.797,35.77,7.973,28.281,19.611,145.778,51.644,11.009,46.334,76.333,30.362,156.231,28.426,30.835,2.023,59.577,70.285,16.072,99.614,80.976,7.05,26.42,21.16,17.887,45.873,152.01,79.976,123.913,45.238,36.087,102.739,60.363,37.706,37.252,37.999,37.684,99.412,1.997,47.889,23.914,4.751,36.846,19.591,4.909,126.052,21.276,5.935,64.719,31.669,84.98,97.93,145.273,99.353, 
San Juan,73.836,160.977,103.734,82.474,122.407,62.716,74.651,159.469,67.831,111.806,81.401,127.812,39.856,101.114,118.09,71.271,103.85,117.002,113.224,80.321,81.2,118.785,43.175,82.202,0,72.494,114.091,94.614,109.035,39.5,98.024,39.747,77.385,109.613,168.232,94.02,92.596,100.646,78.811,31.782,107.379,46.199,65.087,80.162,99.978,56.706,109.822,23.985,87.676,135.794,104.338,136.566,86.121,160.736,83.243,90.639,34.62,114.98,90.248,107.491,98.821,107.425,130.853,89.542,73.089,155.542,109.571,117.878,107.635,122.815,84.298,138.786,149.494,86.264,178.823,93.661,83.965,105.629,103.435,92.527,125.083,113.657,9.355,85.56,124.448,65.755,32.103,92.214,116.916,116.461,68.312,116.894,61.059,82.592,127.099,103.124,87.026,116.055,98.801,86.616,87.699,100.486,83.973,143.928,110.878,20.563,132.8,106.92,61, 
Zacazonapan,134.722,215.686,173.757,143.36,177.116,130.205,129.36,229.492,137.854,166.515,141.047,197.835,107.345,155.823,188.113,141.294,158.559,92.216,167.933,135.03,135.909,173.494,104.061,136.911,72.494,0,177.104,155.872,170.293,70.792,161.037,115.307,140.398,172.626,231.245,157.033,155.609,163.659,141.824,93.04,170.392,123.921,128.1,143.175,169.683,132.757,172.835,76.432,90.019,197.052,167.351,199.579,149.134,223.749,144.501,153.652,104.325,177.993,153.261,170.504,161.834,168.683,193.866,152.555,142.794,218.555,172.584,179.136,170.648,185.828,147.311,201.799,212.507,149.277,241.836,154.919,146.978,168.642,166.448,155.54,188.096,174.915,69.636,146.818,187.461,135.46,39.689,161.919,179.929,179.474,138.017,179.907,122.317,145.605,190.112,166.137,150.039,179.068,161.814,149.629,148.957,163.499,146.986,206.941,173.891,64.893,240.152,168.178,122.258, 
Bombatevi Ejido (Ejido Santa Cruz Bombatevi),41.069,51.33,93.82,42.63,8.922,34.178,35.859,148.338,136.941,22.028,27.215,71.485,72.963,37.305,82.977,140.381,32.594,186.112,3.291,34.308,34.647,38.447,98.971,34.882,114.091,177.104,0,77.989,88.738,131.979,23.065,92.871,50.01,7.137,56.769,30.765,46.41,47.211,43.727,101.972,23.736,50.288,81.188,37.999,47.541,39.617,29.537,119.122,157.866,95.678,26.724,24.19,39.935,49.273,76.738,33.37,91.634,38.442,40.491,46.885,27.443,123.079,19.39,33.671,34.641,43.166,12.19,101.093,23.77,16.697,36.356,17.303,35.302,36.746,66.447,69.283,38.34,16.223,26.662,30.633,18.965,105.343,111.813,123.818,18.33,36.014,134.576,33.455,10.798,18.535,35.56,10.776,131.249,33.146,15.098,21.593,36.287,3.838,20.978,30.71,111.024,21.959,35.759,31.552,3.745,116.817,64.763,98.606,131.19, 
Manzana de San Luis,43.828,62.583,40.405,42.117,86.357,74.397,64.017,94.923,31.509,63.621,55.528,47.802,94.945,107.321,44.317,26.54,72.039,90.846,74.714,91.957,92.806,111.665,68.086,89.682,94.614,155.872,77.989,0,38.873,57.568,60.679,95.674,128.843,77.412,134.485,79.518,104.43,116.757,130.269,66.631,66.237,69.398,114.099,92.916,44.804,64.423,99.812,77.507,62.412,75.6,69.225,71.537,97.955,126.989,12.242,84.914,79.629,108.717,82.547,116.431,96.989,64.889,97.106,99.015,53.906,62.854,82.465,57.684,69.991,61.392,87.68,105.039,82.649,77.596,68.923,11.411,96.36,84.492,69.163,73.134,70.379,55.478,87.085,43.024,67.225,56.208,117.617,51.04,68.785,88.81,53.577,74.811,40.342,90.859,71.963,74.551,86.375,78.331,90.524,92.168,33.128,78.206,93.941,78.899,74.294,114.443,60.023,48.741,35.379, 
Irimbo,61.72,47.816,4.814,60.009,87.036,92.289,81.909,59.332,45.931,95.732,73.42,17.597,109.366,124.328,8.962,40.961,119.617,105.267,91.587,121.331,121.67,125.47,100.779,121.905,109.035,170.293,88.738,38.873,0,72.057,75.984,110.163,143.332,92.464,140.271,116.092,131.737,132.538,129.054,81.12,99.085,118.777,128.588,123.326,63.448,122.55,114.864,91.996,76.901,37.44,102.073,70.574,125.262,132.775,24.591,118.697,94.118,123.769,125.818,132.212,112.77,35.054,102.892,118.998,69.211,62.702,97.517,19.524,109.097,92.046,121.683,110.825,81.686,122.073,33.378,27.598,123.667,101.55,102.011,105.982,83.713,17.318,101.574,35.793,86.396,71.513,132.106,57.379,97.474,103.862,68.882,85.085,54.832,118.473,78.008,106.92,121.614,92.323,106.305,116.037,22.999,107.286,121.086,77.936,89.728,128.932,24.478,10.581,49.868, 
San Juan Xoconusco,65.74,119.16,64.863,74.378,140.347,84.981,84.136,120.598,28.96,95.079,73.305,88.941,62.121,119.054,79.219,32.4,121.79,54.997,131.164,98.261,99.14,136.725,53.534,100.142,39.5,70.792,131.979,57.568,72.057,0,93.391,62.829,95.997,128.225,186.844,112.632,111.208,119.258,97.423,25.881,94.05,71.443,81.254,98.774,89.171,75.216,128.434,19.021,30.451,98.793,94.105,155.178,104.733,179.348,46.242,109.251,46.784,133.592,108.86,126.103,117.433,70.423,149.465,108.154,85.253,134.023,128.183,80.877,126.247,97.617,102.91,157.398,168.106,86.729,104.699,56.66,102.577,124.241,93.202,89.578,143.695,76.656,31.41,48.559,105.29,77.919,36.156,104.378,135.528,135.073,80.476,135.506,23.258,101.204,145.711,121.736,105.638,134.667,117.413,105.228,50.697,119.098,102.585,162.54,129.49,52.848,95.799,69.919,22.826, 
San Lucas Ocotepec,21.404,60.024,80.085,22.965,31.433,14.367,10.841,134.603,78.941,8.697,5.446,62.459,35.53,44.771,91.671,73.972,17.271,146.799,19.79,31.927,32.776,56.741,44.126,29.652,98.024,161.037,23.065,60.679,75.984,93.391,0,52.63,37.64,22.468,79.541,19.516,44.428,53.034,37.571,60.369,7.49,28.847,32.929,32.914,42.261,18.176,44.868,77.972,116.263,106.044,9.223,34.162,37.953,72.045,59.409,24.912,47.327,53.773,22.545,52.708,33.266,112.319,42.162,39.013,17.312,53.532,27.521,97.363,15.048,6.448,27.678,50.095,45.275,17.594,76.813,51.954,36.358,29.548,9.161,13.132,15.435,95.157,70.663,90.454,12.281,14.573,101.195,34.497,13.841,33.866,18.231,19.867,89.646,30.857,25.945,19.127,26.373,23.387,30.247,32.166,80.558,22.782,33.939,41.525,19.35,83.669,75.129,88.42,89.587, 
Cieneguillas de Guadalupe,57.212,139.809,102.969,65.85,101.239,43.169,46.39,158.704,67.066,57.333,58.077,127.047,20.309,79.946,117.325,70.506,82.682,116.237,92.056,59.153,60.032,97.617,26.551,61.034,39.747,115.307,92.871,95.674,110.163,62.829,52.63,0,36.521,68.749,127.368,53.156,51.732,59.782,37.947,42.72,52.179,32.058,19.231,39.298,119.053,36.826,68.958,61.266,98.614,167.19,49.138,95.702,45.257,119.872,94.181,49.775,29.678,74.116,49.384,66.627,57.957,118.363,89.989,48.678,54.569,114.678,68.707,128.816,66.771,81.951,43.434,97.922,108.63,40.408,137.959,104.599,43.101,64.765,48.235,46.671,84.219,124.595,53.957,96.498,83.584,44.565,76.72,98.709,76.052,75.597,47.988,76.03,71.997,41.728,86.235,62.26,46.162,75.191,57.937,45.752,98.637,59.622,43.109,103.064,70.014,58.961,136.275,117.858,71.938, 
San Agustn Citlali,49.535,96.948,136.138,59.928,58.378,23.621,40.343,191.873,100.235,38.403,44.513,117.103,20.356,37.085,128.595,103.675,39.821,149.406,49.195,16.292,17.17,54.756,62.265,14.668,77.385,140.398,50.01,128.843,143.332,95.997,37.64,36.521,0,45.901,104.52,23.91,28.884,36.934,7.031,49.07,33.09,25.891,17.724,11.734,96.205,30.115,46.11,66.673,104.964,144.342,30.05,72.854,22.409,97.024,100.531,20.529,36.028,51.268,15.96,43.779,35.109,124.713,67.141,25.83,47.858,91.83,45.859,135.166,43.923,38.821,14.807,75.074,85.782,24.058,115.111,110.949,20.253,41.917,29.147,25.873,47.484,130.945,59.364,102.848,44.33,37.854,89.896,75.861,53.204,52.749,41.277,53.182,78.347,18.88,63.387,39.412,15.262,52.343,35.089,19.295,104.987,36.774,20.261,80.216,47.166,79.217,113.427,124.208,78.288, 
Tecoac (Santa Mara Nativitas),38.137,54.075,96.565,39.698,15.505,31.02,32.927,151.083,132.463,19.096,24.283,74.23,68.485,32.828,85.722,135.903,28.116,181.634,6.441,29.83,30.169,32.162,94.493,30.404,109.613,172.626,7.137,77.412,92.464,128.225,22.468,68.749,45.901,0,60.692,26.038,41.683,42.484,39,97.245,25.516,52.068,76.461,33.272,52.377,41.397,22.666,114.395,153.139,100.514,26.519,29.026,35.208,53.196,78.518,28.643,86.907,31.571,35.764,42.158,22.716,127.915,23.313,28.944,36.421,48.002,5.319,105.929,19.043,18.477,31.629,31.246,41.954,32.019,71.283,71.063,33.613,7.346,28.673,29.879,20.745,110.179,107.086,151.023,20.11,37.794,129.849,35.235,12.578,11.664,37.34,12.556,126.522,28.419,20.689,16.866,31.56,8.515,13.227,25.983,115.86,17.232,31.032,36.388,3.339,112.09,69.599,103.442,126.463, 
San Ildefonso Tultepec (Centro),95.21,101.882,144.372,96.771,51.355,88.319,90,198.89,191.082,76.169,81.356,122.037,127.104,91.446,133.529,194.522,86.735,240.253,59.641,88.449,88.788,81.723,153.112,89.023,168.232,231.245,56.769,134.485,140.271,186.844,79.541,127.368,104.52,60.692,0,84.56,100.205,101.006,97.522,155.767,78.88,105.432,134.983,91.794,98.278,94.761,72.208,172.917,211.661,146.415,85.041,74.927,93.73,10.094,131.882,87.165,145.429,81.113,94.286,100.68,81.238,173.816,37.692,87.466,89.785,51.576,65.985,151.83,77.565,71.841,90.151,44.365,55.073,90.541,117.184,124.427,92.135,70.018,81.806,85.777,74.109,156.08,165.608,174.555,73.474,91.158,188.371,88.416,65.942,72.33,90.704,65.92,185.044,86.941,69.137,75.388,90.082,60.791,74.773,84.505,161.761,75.754,89.554,58.431,58.196,170.612,115.5,149.343,184.985, 
Santa Ana la Ladera,36.118,77.703,120.193,41.804,39.133,5.497,22.219,174.711,116.87,15.774,26.389,97.858,29.467,30.463,109.35,120.31,10.251,166.041,29.95,14.02,14.559,48.134,48.831,13.2,94.02,157.033,30.765,79.518,116.092,112.632,19.516,53.156,23.91,26.038,84.56,0,25.645,35.497,21.118,57.38,15.013,24.638,25.874,16.196,76.894,23.562,31.926,74.983,113.273,125.031,11.972,53.543,19.17,77.713,78.339,5.163,44.337,37.46,9.105,35.171,15.728,133.022,47.83,20.23,36.242,72.519,26.548,130.446,13.927,20.743,11.225,55.763,66.471,5.981,95.8,70.884,17.575,22.606,11.069,7.795,29.406,139.254,67.674,111.157,26.252,25.995,98.206,56.55,27.812,33.438,27.907,33.871,86.656,12.074,44.076,11.205,8.744,33.032,15.778,13.383,113.296,8.968,15.156,60.905,27.855,97.248,94.116,132.517,86.597, 
San Felipe Santiago,61.03,93.348,151.349,66.716,54.778,30.409,47.131,207.084,115.446,44.177,51.301,113.503,51.468,7.944,124.995,118.886,36.221,164.617,45.595,13.526,11.972,27.089,77.476,15.12,92.596,155.609,46.41,104.43,131.737,111.208,44.428,51.732,28.884,41.683,100.205,25.645,0,8.226,22.04,80.286,39.705,47.217,59.502,17.98,91.386,48.255,23.451,97.436,136.18,139.523,36.664,68.035,8.655,92.205,131.747,22.09,69.948,27.493,22.574,15.481,20.519,155.929,62.322,10.135,60.935,87.011,41.04,166.382,39.104,54.283,16.412,70.255,80.963,30.673,110.292,95.577,10.096,37.098,35.761,32.488,56.551,162.161,90.127,134.064,55.916,50.688,112.89,71.041,48.384,33.005,52.6,48.362,109.563,13.71,58.567,34.592,18.371,47.524,30.269,16.955,136.203,31.954,13.751,75.397,42.347,95.131,108.608,155.424,109.504, 
San Lorenzo Malacota,77.482,94.149,136.639,79.043,55.579,38.459,55.737,191.157,123.496,44.978,63.628,114.304,59.518,7.123,125.796,126.936,37.022,172.667,46.396,21.576,20.022,16.065,85.526,23.17,100.646,163.659,47.211,116.757,132.538,119.258,53.034,59.782,36.934,42.484,101.006,35.497,8.226,0,30.091,88.337,47.756,55.268,67.553,26.031,89.52,56.306,21.896,105.487,144.231,137.657,42.38,66.169,16.706,90.339,139.798,30.141,77.999,16.469,30.625,5.75,18.965,163.98,60.456,16.419,70.362,85.145,36.996,143.072,37.239,52.418,24.463,68.389,79.097,38.724,108.426,105.004,18.147,35.233,43.812,40.539,54.686,147.322,98.178,142.115,54.051,58.739,120.941,69.176,46.519,31.45,60.651,46.497,117.614,21.761,56.702,32.727,26.422,45.658,23.414,24.175,144.254,30.089,21.941,73.531,40.481,103.182,106.742,140.585,117.555, 
San Lorenzo Toxico,54.173,90.665,137.564,59.859,52.095,23.551,40.274,193.299,101.661,41.494,44.444,110.82,23.814,30.802,122.312,105.101,33.538,150.832,42.912,10.009,10.887,48.473,63.691,8.074,78.811,141.824,43.727,130.269,129.054,97.423,37.571,37.947,7.031,39,97.522,21.118,22.04,30.091,0,64.203,36.637,29.349,21.182,4.703,89.175,33.573,39.08,81.353,120.097,137.312,33.596,65.824,15.379,89.994,115.664,19.897,53.865,44.238,19.506,36.749,28.079,139.846,60.111,18.8,57.867,84.8,38.829,150.299,36.893,52.073,9.893,68.044,78.752,27.605,108.081,92.509,13.223,34.887,32.693,29.42,54.341,146.078,74.044,117.981,53.706,47.62,96.807,68.831,46.174,45.719,49.532,46.152,93.48,11.85,56.357,32.382,16.284,45.313,28.059,15.874,120.12,29.744,13.231,73.186,40.136,79.048,106.397,139.341,93.421, 
San Felipe Santiago,42.49,148.91,73.926,51.128,110.34,54.974,54.129,129.661,38.023,65.072,50.055,98.004,32.114,89.047,88.282,41.463,91.783,87.194,101.157,68.254,69.133,106.718,23.527,70.135,31.782,93.04,101.972,66.631,81.12,25.881,60.369,42.72,49.07,97.245,155.767,57.38,80.286,88.337,64.203,0,64.041,41.434,51.245,68.766,82.133,45.207,98.426,14.501,59.67,107.788,64.096,125.17,74.725,149.34,55.237,79.243,16.775,103.584,78.852,96.095,87.425,79.419,119.457,78.146,55.244,144.146,98.175,89.872,96.239,67.608,72.902,127.39,138.098,56.72,113.694,65.655,72.569,94.233,63.193,59.569,113.687,85.651,24.231,57.554,75.281,47.91,54.763,74.369,105.52,105.065,50.467,105.498,33.053,71.196,115.703,91.728,75.63,104.659,87.405,75.22,59.693,89.09,72.577,132.532,99.482,51.589,104.794,78.914,32.994, 
Dolores Hidalgo,26.963,60.696,103.186,28.523,32.104,9.819,11.5,157.704,84.499,6.998,13.108,68.017,35.541,38.335,92.343,79.53,8.71,147.458,20.461,27.379,28.228,57.412,44.785,25.104,107.379,170.392,23.736,66.237,99.085,94.05,7.49,52.179,33.09,25.516,78.88,15.013,39.705,47.756,36.637,64.041,0,29.049,32.483,27.909,47.866,18.378,45.514,78.174,116.465,106.69,2.84,34.808,32.948,72.691,65.014,19.907,47.529,54.419,17.541,46.271,26.829,136.214,42.808,33.057,22.917,54.178,28.167,102.968,10.229,7.418,22.673,50.741,45.921,12.59,77.459,57.559,31.353,30.194,4.156,8.127,16.081,100.762,70.865,114.349,12.927,14.775,101.397,39.065,14.487,34.512,18.802,20.513,89.848,25.852,26.591,12.69,21.369,24.033,23.81,27.161,116.488,16.345,28.934,42.171,19.996,83.871,75.775,94.025,89.789, 
San Marcos de la Loma,26.466,87.248,111.583,44.873,58.656,22.232,22.607,167.318,75.68,33.55,34.294,80.161,12.76,52.209,125.939,79.12,36.66,124.851,47.013,34.891,35.74,69.88,22.772,32.616,46.199,123.921,50.288,69.398,118.777,71.443,28.847,32.058,25.891,52.068,105.432,24.638,47.217,55.268,29.349,41.434,29.049,0,13.362,35.876,61.215,10.671,62.434,49.289,87.58,135.698,29.56,62.626,40.915,100.509,83.147,29.534,18.644,67.592,25.507,60.103,41.389,107.329,70.626,41.975,28.941,81.996,55.985,117.782,40.592,35.236,30.64,78.559,73.739,19.932,105.277,61.402,39.32,48.267,28.657,25.033,43.899,113.561,41.98,85.464,40.745,21.243,72.512,53.451,42.305,62.33,24.666,48.331,60.963,33.819,54.409,37.879,29.335,51.851,41.439,35.128,87.603,34.629,36.901,69.989,47.814,54.986,103.593,106.824,60.904, 
Mextepec (Ex-Hacienda Mextepec),37.005,128.126,121.394,52.292,89.556,23.468,26.689,177.129,85.491,37.632,38.376,145.472,2.118,68.263,135.75,88.931,34.977,134.662,80.373,47.47,48.349,85.934,44.975,49.351,65.087,128.1,81.188,114.099,128.588,81.254,32.929,19.231,17.724,76.461,134.983,25.874,59.502,67.553,21.182,51.245,32.483,13.362,0,25.357,83.812,17.587,55.383,49.1,87.39,135.508,29.898,66.059,33.864,104.61,82.957,30.77,18.454,60.541,26.743,53.052,42.625,107.139,74.727,34.924,35.329,99.416,53.445,117.592,40.775,38.669,23.589,82.66,77.172,21.168,122.697,93.375,32.269,49.503,28.995,27.431,47.332,113.371,41.791,85.274,44.178,25.325,72.323,76.048,45.738,60.335,28.748,51.764,60.773,26.768,57.842,35.922,22.285,59.929,42.675,28.077,87.413,35.865,29.85,73.422,51.247,54.797,121.013,106.634,60.714, 
San Jernimo Ixtapantongo,49.516,84.937,138.915,55.202,46.367,18.894,35.617,194.65,103.012,35.766,39.787,105.092,27.95,23.323,116.584,106.452,27.81,152.183,37.184,6.263,6.716,42.745,65.042,3.609,80.162,143.175,37.999,92.916,123.326,98.774,32.914,39.298,11.734,33.272,91.794,16.196,17.98,26.031,4.703,68.766,27.909,35.876,25.357,0,83.512,37.444,33.416,86.33,125.074,131.649,25.853,60.161,11.448,84.331,120.641,12.847,58.842,38.574,11.763,31.085,22.415,144.823,54.448,13.812,50.124,79.137,33.166,155.276,31.23,34.625,5.813,62.381,73.089,19.862,102.418,84.766,9.853,29.224,24.95,21.677,48.677,151.055,79.021,122.958,48.042,39.877,101.784,63.167,40.51,40.056,41.789,40.488,98.457,4.8,50.693,26.718,8.541,39.65,22.395,7.712,125.097,24.08,8.738,67.523,34.473,84.025,100.734,144.318,98.398, 
Tlalpujahua de Rayn,35.054,19.569,67.549,17.86,45.839,55.998,52.502,122.067,63.067,44.908,37.129,33.847,84.429,83.131,56.706,58.098,53.803,122.404,50.39,80.134,80.473,84.273,62.877,80.708,99.978,169.683,47.541,44.804,63.448,89.171,42.261,119.053,96.205,52.377,98.278,76.894,91.386,89.52,89.175,82.133,47.866,61.215,83.812,83.512,0,54.682,73.43,97.572,93.456,71.468,48.654,29.14,83.828,91.341,43.023,77.263,63.204,82.335,84.384,90.778,71.336,84.553,61.458,77.564,39.768,20.457,56.083,69.023,67.663,41.471,80.249,69.391,40.252,57.025,42.237,35.568,82.233,60.116,48.592,52.563,33.138,66.817,90.263,74.068,35.821,45.108,120.795,9.611,39.696,62.428,40.687,34.51,71.386,77.039,30.534,65.486,80.18,50.889,64.871,74.603,72.498,65.852,79.652,36.502,48.294,108.572,40.553,60.08,66.423, 
San Antonio de las Huertas,22.252,76.577,115.356,37.539,47.985,17.131,11.936,171.091,79.453,22.879,23.623,75.186,20.189,53.247,129.712,82.893,25.989,128.624,36.342,35.929,36.778,70.918,25.951,33.654,56.706,132.757,39.617,64.423,122.55,75.216,18.176,36.826,30.115,41.397,94.761,23.562,48.255,56.306,33.573,45.207,18.378,10.671,17.587,37.444,54.682,0,62.836,59.796,98.087,123.838,18.889,51.956,41.317,89.839,62.194,28.276,29.151,67.994,25.909,60.505,37.541,117.836,59.956,42.377,20.577,71.326,45.315,128.289,29.921,24.566,31.042,67.889,63.069,15.001,94.607,54.74,39.722,47.342,17.986,14.362,33.229,124.068,52.487,95.971,30.075,10.573,83.019,49.072,31.635,51.66,13.996,37.661,71.47,34.221,43.739,27.208,29.738,41.181,38.328,35.53,98.11,30.863,37.303,59.319,37.144,65.493,92.923,117.331,71.411, 
Barrio Cuarto (La Loma),60.537,76.475,118.965,62.098,37.905,45.452,52.167,173.483,132.672,41.496,46.683,96.63,68.693,15.507,108.122,136.112,33.452,181.843,28.841,30.039,27.011,10.299,94.702,30.612,109.822,172.835,29.537,99.812,114.864,128.434,44.868,68.958,46.11,22.666,72.208,31.926,23.451,21.896,39.08,98.426,45.514,62.434,55.383,33.416,73.43,62.836,0,114.591,153.335,122.914,41.872,51.426,30.94,64.487,100.918,29.486,87.103,9.651,35.961,21.952,16.575,150.315,34.604,18.424,58.821,70.402,18.158,128.329,36.731,40.877,31.825,42.537,53.245,44.059,93.683,93.463,29.345,22.567,44.026,45.874,43.145,132.579,107.282,151.219,42.51,57.087,130.045,57.635,34.978,12.612,59.74,34.956,126.718,28.615,43.089,32.219,31.757,30.915,18.037,26.18,153.358,29.581,23.946,58.788,25.739,112.286,91.999,125.842,126.659, 
