LOCALIDADES,San Juan del Estado,San Juan Teitipac,Asuncin Ocotln,Santa Ana Zegache,Macuilxchitl de Artigas Carranza,Yaxe,Ixtln de Jurez,Villa Daz Ordaz,San Pedro Ixtlahuaca,Cinega de Zimatln,Tamazulpam del Espritu Santo,San Pedro Quiatoni,San Miguel del Valle,Magdalena Apasco,San Jos del Progreso,San Lucas Camotln,Coatecas Altas,San Juan Guelava,La Soledad Salinas,San Miguel Tilquipam,San Francisco Tutla,San Francisco Lachigol,San Baltazar Guelavila,Soledad Etla,Santiago Matatln,Santa Mara Tlahuitoltepec,nimas Trujano,Santa Luca Ocotln,Ayotzintepec,Santiago Apstol,San Pablo Etla,San Juan Cotzocn,San Agustn Etla,San Agustn Yatareni,Ayoquezco de Aldama,Nazareno Etla,San Miguel Quetzaltepec,San Juan Bautista Cuicatln,Reyes Mantecn,San Bartolo Coyotepec,Magdalena Teitipac,San Pablo Guil,San Andrs Huaypam,Teotitln del Valle,Santiago Etla,San Sebastin Tutla,Viguera,San Felipe Usila,San Antonino Castillo Velasco,San Dionisio Ocotepec,San Juan Bautista Valle Nacional,San Pablo Huitzo,Villa de Tamazulpam del Progreso,San Agustn de las Juntas,Santiago Suchilquitongo,Villa de Etla,San Lorenzo Cacaotepec,Santa Mara del Tule,Hacienda Blanca,San Pablo Villa de Mitla,San Pablo Huixtepec,Tlalixtac de Cabrera,Heroica Ciudad de Ejutla de Crespo,Santa Cruz Amilpas,San Francisco Telixtlahuaca,Zimatln de lvarez,El Rosario,Cuilpam de Guerrero,Asuncin Nochixtln,Vicente Guerrero,Tlacolula de Matamoros,San Jacinto Amilpas,Villa de Zaachila,Ocotln de Morelos,San Antonio de la Cal,Santa Mara Atzompa,Santa Luca del Camino,Santa Cruz Xoxocotln,Oaxaca de Jurez, 
San Juan del Estado,0,54.253,72.826,58.423,49.652,101.644,91.813,65.28,33.419,53.083,134.831,144.782,68.73,5.376,76.704,196.657,97.585,56.929,157.88,78.587,34.419,43.943,93.919,17.871,74.407,149.043,36.582,70.52,299.219,62.897,20.708,201.219,15.981,34.036,84.622,13.761,186.366,101.926,47.209,40.826,62.934,86.987,35.657,55.996,16.268,34.554,21.519,322.137,65.517,83.017,198.254,16.317,114.043,34.839,11.599,11.104,21.412,38.947,18.723,71.177,61.109,38.145,92.453,34.79,19.322,56.078,34.929,40.164,65.736,44.482,59.194,24.31,41.456,67.952,33.325,26.111,32.402,34.742,26.429, 
San Juan Teitipac,54.253,0,42.886,23.851,15.743,57.635,79.264,29.65,37.469,32.122,99.201,109.152,33.1,49.901,41.358,161.027,62.239,9.355,122.25,43.241,21.87,13.72,58.289,44.605,38.777,113.413,30.086,35.174,286.67,26.432,39.011,165.589,44.238,23.035,63.662,45.857,150.736,145.146,26.248,25.866,6.036,51.357,26.665,20.366,39.814,20.886,35.889,337.181,24.088,47.387,185.705,59.537,155.658,32.189,54.819,44.616,39.761,15.13,39.241,35.547,40.149,20.822,57.107,22.391,62.542,35.118,24.273,37.151,107.351,22.646,23.564,33.809,30.125,33.471,27.009,33.631,23.059,33.441,28.999, 
Asuncin Ocotln,72.826,42.886,0,15.184,65.85,32.038,108.011,81.478,56.548,24.662,123.27,147.512,84.928,69.78,11.64,185.097,32.521,48.986,120.124,17.644,50.617,60.141,59.144,64.483,51.052,137.482,37.76,9.052,315.417,5.078,58.889,189.659,64.116,50.542,31.32,65.735,174.806,165.024,33.922,33.54,44.115,39.514,52.163,72.194,59.692,49.546,55.767,365.928,7.751,44.277,214.452,79.415,175.536,39.863,74.697,64.494,59.639,55.145,59.119,59.937,23.465,54.343,27.389,46.744,82.42,16.704,45.401,44.825,127.229,30.32,75.392,50.981,37.799,7.268,42.298,52.743,47.153,44.673,49.988, 
Santa Ana Zegache,58.423,23.851,15.184,0,50.339,35.087,92.5,65.967,41.037,10.266,135.518,145.469,69.417,54.269,31.912,197.344,52.793,34.174,123.173,20.693,35.106,44.63,62.193,48.972,75.094,149.73,22.249,25.728,299.906,5.262,43.378,201.906,48.605,35.031,34.171,50.224,187.053,149.513,11.798,18.03,29.303,42.563,36.652,56.683,44.181,34.035,40.256,350.417,7.883,47.326,198.941,63.904,160.025,24.353,59.186,48.983,44.128,39.634,43.608,71.864,10.658,38.832,47.661,31.234,66.909,8.797,29.89,25.048,111.718,15.67,59.881,35.47,19.262,10.317,26.787,37.232,31.642,29.163,34.477, 
Macuilxchitl de Artigas Carranza,49.652,15.743,65.85,50.339,0,54.014,74.664,17.65,32.869,44.448,87.201,97.152,21.1,45.301,58.236,149.027,79.117,9.299,110.25,60.725,17.27,11.322,46.289,40.005,26.777,101.413,27.948,52.052,282.07,54.262,34.411,153.589,39.637,18.435,75.987,41.257,138.736,140.546,38.574,32.191,15.304,39.357,22.065,3.51,35.214,16.286,31.289,332.581,56.882,35.387,181.105,54.937,151.058,26.205,50.219,40.016,35.161,10.843,34.641,23.547,52.474,16.222,73.985,17.791,57.942,47.443,19.673,34.263,102.751,35.847,11.564,29.209,35.554,50.349,22.409,29.031,18.459,28.841,24.398, 
Yaxe,101.644,57.635,32.038,35.087,54.014,0,126.888,50.345,78.82,44.681,100.017,124.259,53.795,92.052,37.509,161.844,58.389,57.373,96.871,15.497,69.494,63.546,35.891,86.755,27.799,114.229,60.032,31.324,334.294,30.26,81.161,166.406,86.388,70.658,63.884,88.007,151.553,187.296,46.213,55.812,63.378,16.261,74.288,54.208,81.964,68.51,78.039,384.805,26.328,21.024,233.329,101.687,197.808,62.135,96.969,86.766,81.911,63.067,81.391,36.684,38.866,68.446,53.257,69.016,104.692,42.184,67.673,67.097,149.501,52.592,43.481,73.253,60.071,24.719,64.57,75.015,69.425,66.945,72.26, 
Ixtln de Jurez,91.813,79.264,108.011,92.5,74.664,126.888,0,66.045,74.975,88.066,159.86,169.811,69.188,87.407,111.687,221.686,132.568,81.958,182.909,113.57,57.994,68.972,118.948,82.11,99.436,174.072,71.566,105.503,208.632,97.88,76.516,226.248,81.743,58.282,119.605,83.362,211.395,182.651,82.192,75.809,87.963,112.016,58.632,64.899,77.319,59.601,73.395,259.143,100.5,108.046,107.667,97.042,193.163,69.823,92.324,82.121,77.267,63.976,76.747,96.206,96.092,58.905,127.436,62.051,100.047,91.061,62.19,76.369,144.856,79.465,84.223,71.314,77.66,102.935,64.926,71.137,60.688,70.947,66.504, 
Villa Daz Ordaz,65.28,29.65,81.478,65.967,17.65,50.345,66.045,0,47.646,59.225,83.276,93.227,3.942,60.078,65.701,145.102,86.582,19.926,106.325,56.8,32.047,26.099,42.364,54.781,22.852,97.488,42.725,59.517,273.432,69.039,49.187,149.664,54.414,33.211,90.764,56.033,134.811,155.323,53.351,46.968,20.161,35.432,36.841,16.76,49.99,31.063,46.066,323.943,67.631,31.462,172.467,69.713,165.834,40.982,64.995,54.792,49.938,25.62,49.418,19.622,67.251,30.999,81.45,32.568,72.719,62.22,34.45,49.04,117.527,50.624,7.639,43.985,50.331,66.022,37.186,43.808,33.236,43.618,39.175, 
San Pedro Ixtlahuaca,33.419,37.469,56.548,41.037,32.869,78.82,74.975,47.646,0,30.012,118.02,127.971,51.919,29.409,59.248,179.846,80.129,40.118,141.069,61.131,17.607,27.132,77.108,24.112,57.596,132.232,19.126,53.064,282.407,45.441,18.518,184.408,23.745,17.224,67.166,25.364,169.555,124.653,29.753,23.37,46.123,70.176,18.845,39.185,19.321,17.742,15.396,332.918,48.061,66.206,181.442,39.044,135.165,17.383,34.326,24.123,14.831,22.136,18.748,54.366,43.653,21.333,74.997,17.51,42.049,38.622,18.037,15.118,86.858,27.026,42.383,9.608,22.443,50.496,15.869,9.532,14.729,11.018,9.617, 
Cinega de Zimatln,53.083,32.122,24.662,10.266,44.448,44.681,88.066,59.225,30.012,0,130.178,140.129,64.077,44.423,42.554,192.004,63.435,52.276,153.227,30.171,29.766,39.29,89.266,39.126,69.754,144.39,16.909,36.37,294.566,14.74,33.532,196.566,38.759,29.691,32.435,40.378,181.713,139.667,6.458,12.69,37.667,52.041,31.312,51.343,34.335,28.695,30.41,345.077,17.36,56.804,193.601,54.058,150.179,19.013,49.34,39.137,34.282,34.294,33.762,66.524,8.922,33.492,55.85,25.894,57.063,3.89,24.55,13.762,101.872,10.331,54.541,25.175,7.977,19.795,21.447,26.253,26.302,18.496,24.631, 
Tamazulpam del Espritu Santo,134.831,99.201,123.27,135.518,87.201,100.017,159.86,83.276,118.02,130.178,0,56.456,86.135,129.866,128.801,70.191,149.681,89.714,84.366,106.789,101.835,95.887,92.353,124.569,72.841,14.747,112.513,122.616,366.635,121.552,118.975,74.753,124.202,102.999,160.552,125.821,59.9,225.111,123.139,116.756,95.719,85.421,106.629,86.548,119.778,100.851,115.854,417.146,117.62,81.451,265.67,139.501,235.622,110.77,134.783,124.58,119.726,95.408,119.206,63.623,137.039,100.787,144.549,102.356,142.507,132.008,104.238,118.828,187.315,120.412,75.821,113.773,120.119,116.011,106.974,113.596,103.024,113.406,108.963, 
San Pedro Quiatoni,144.782,109.152,147.512,145.469,97.152,124.259,169.811,93.227,127.971,140.129,56.456,0,96.086,139.817,138.752,110.339,159.632,99.665,27.91,116.74,111.786,105.838,107.25,134.52,82.792,70.783,122.464,132.567,376.586,131.503,128.926,114.901,134.153,112.95,170.503,135.772,100.048,235.062,133.09,126.707,105.67,95.372,116.58,96.499,129.729,110.802,125.805,427.097,127.571,91.402,275.621,149.452,245.573,120.721,144.734,134.531,129.677,105.359,129.157,73.574,146.99,110.738,154.5,112.307,152.458,141.959,114.189,128.779,197.266,130.363,85.772,123.724,130.07,125.962,116.925,123.547,112.975,123.357,118.914, 
San Miguel del Valle,68.73,33.1,84.928,69.417,21.1,53.795,69.188,3.942,51.919,64.077,86.135,96.086,0,63.529,69.152,148.553,90.033,23.377,109.776,60.251,35.498,29.55,45.815,58.232,26.303,100.939,46.176,62.968,276.794,72.49,52.638,153.115,57.865,36.662,94.215,59.484,138.262,158.774,56.802,50.419,23.612,38.883,40.292,20.211,53.441,34.514,49.517,327.305,71.082,34.913,175.829,73.164,169.285,44.433,68.446,58.243,53.389,29.071,52.869,23.073,70.702,34.45,84.901,36.019,76.17,65.671,37.901,52.491,120.978,54.075,11.09,47.436,53.782,69.473,40.637,47.259,36.687,47.069,42.626, 
Magdalena Apasco,5.376,49.901,69.78,54.269,45.301,92.052,87.407,60.078,29.409,44.423,129.866,139.817,63.529,0,72.333,192.287,93.214,52.559,153.51,74.216,30.049,39.573,89.549,13.5,70.037,144.673,32.211,66.149,294.849,58.526,16.338,196.849,11.61,29.665,80.251,9.391,181.996,96.169,42.838,36.455,58.564,82.617,31.286,51.626,11.898,30.184,17.148,316.38,61.146,78.647,193.884,10.559,108.285,30.468,5.842,6.734,17.042,34.577,14.353,66.807,56.738,33.775,88.082,30.419,13.565,51.707,30.558,35.793,59.978,40.111,54.824,19.94,37.085,63.581,28.954,21.741,28.031,30.371,22.059, 
San Jos del Progreso,76.704,41.358,11.64,31.912,58.236,37.509,111.687,65.701,59.248,42.554,128.801,138.752,69.152,72.333,0,190.653,25.162,51.571,125.68,23.2,53.202,62.726,64.7,67.068,56.608,143.038,40.345,7.897,318.002,18.324,61.474,195.215,66.701,53.127,22.233,68.32,180.362,167.609,36.507,36.125,46.7,45.07,54.748,74.779,62.277,52.131,58.352,368.513,15.437,49.833,217.037,82,178.121,42.448,77.282,67.079,62.224,57.73,61.704,65.493,28.522,56.928,20.03,49.329,85.005,33.349,47.986,47.41,129.814,32.905,77.977,53.566,40.384,13.43,44.883,55.328,49.738,47.258,52.573, 
San Lucas Camotln,196.657,161.027,185.097,197.344,149.027,161.844,221.686,145.102,179.846,192.004,70.191,110.339,148.553,192.287,190.653,0,211.62,151.653,138.362,168.728,163.774,157.826,154.292,186.508,134.78,82.829,174.452,184.555,428.574,183.491,180.914,72.688,186.141,164.938,222.491,187.76,10.403,287.05,185.078,178.695,157.658,147.36,168.568,148.487,181.717,162.79,177.793,479.085,179.559,143.39,327.609,201.44,297.561,172.709,196.722,186.519,181.665,157.347,181.145,125.562,198.978,162.726,206.488,164.295,204.446,193.947,166.177,180.767,249.254,182.351,137.76,175.712,182.058,177.95,168.913,175.535,164.963,175.345,170.902, 
Coatecas Altas,97.585,62.239,32.521,52.793,79.117,58.389,132.568,86.582,80.129,63.435,149.681,159.632,90.033,93.214,25.162,211.62,0,72.2,146.309,43.829,73.831,83.355,85.329,87.697,77.237,163.667,60.974,28.527,338.631,38.954,82.103,215.844,87.33,73.756,31.622,88.949,200.991,188.238,57.136,56.754,67.329,65.699,75.377,95.408,82.906,72.76,78.981,389.142,36.066,70.462,237.666,102.629,198.75,63.077,97.911,87.708,82.853,78.359,82.333,86.122,49.151,77.557,5.968,69.958,105.634,53.978,68.615,68.039,150.443,53.534,98.606,74.195,61.013,34.059,65.512,75.957,70.367,67.887,73.202, 
San Juan Guelava,56.929,9.355,48.986,34.174,9.299,57.373,81.958,19.926,40.118,52.276,89.714,99.665,23.377,52.559,51.571,151.653,72.2,0,113.195,63.67,24.598,13.483,49.234,47.332,29.722,104.358,35.276,45.66,289.398,36.918,41.738,156.534,46.965,25.762,74.148,48.584,141.681,147.874,36.734,39.519,6.305,42.302,29.392,11.311,42.541,23.614,38.617,339.909,34.574,38.332,188.433,62.264,158.385,33.533,57.546,47.343,42.489,18.171,41.969,26.492,50.635,23.55,67.593,25.119,65.27,45.604,27.001,41.591,110.078,33.132,14.509,36.536,42.882,43.957,29.737,36.359,25.787,36.169,31.726, 
La Soledad Salinas,157.88,122.25,120.124,123.173,110.25,96.871,182.909,106.325,141.069,153.227,84.366,27.91,109.776,153.51,125.68,138.362,146.309,113.195,0,119.552,124.982,119.034,79.861,147.716,85.043,98.635,135.66,135.379,389.782,134.315,142.122,142.753,147.349,126.146,183.699,148.968,127.9,248.258,146.286,139.903,118.866,98.184,129.776,109.696,142.925,123.998,139.001,440.293,130.383,94.214,288.817,162.648,258.769,133.917,157.93,147.727,142.873,118.555,142.353,92.172,142.921,123.934,157.312,125.503,165.654,155.155,127.385,141.975,210.462,143.559,98.969,136.92,143.266,128.774,130.121,136.743,126.171,136.553,132.11, 
San Miguel Tilquipam,78.587,43.241,17.644,20.693,60.725,15.497,113.57,56.8,61.131,30.171,106.789,116.74,60.251,74.216,23.2,168.728,43.829,63.67,119.552,0,58.495,68.019,42.277,72.361,34.185,120.615,45.638,16.93,323.295,15.866,66.767,172.792,71.994,58.42,49.49,73.613,157.939,172.902,31.819,41.418,39.803,22.647,60.041,60.594,67.57,57.424,63.645,373.806,11.934,27.41,222.33,87.293,183.414,47.741,82.575,72.372,67.517,63.023,66.997,43.07,24.472,62.221,38.863,54.622,90.298,27.79,53.279,52.703,135.107,38.198,49.867,58.859,45.677,10.325,50.176,60.621,55.031,52.551,57.866, 
San Francisco Tutla,34.419,21.87,50.617,35.106,17.27,69.494,57.994,32.047,17.607,29.766,101.835,111.786,35.498,30.049,53.202,163.774,73.831,24.598,124.982,58.495,0,10.856,60.832,24.74,41.32,115.956,14.196,48.133,265.398,40.51,19.146,168.132,24.373,3.17,62.235,25.992,153.279,125.281,24.822,18.439,29.847,53.9,6.8,22.909,19.949,2.047,16.025,315.909,43.13,49.93,164.433,39.672,135.793,12.453,34.954,24.751,19.897,5.86,19.377,38.09,38.722,4.683,70.066,4.681,42.677,33.691,4.82,18.999,87.486,22.095,26.107,13.944,20.29,45.565,7.556,13.767,3.318,13.577,9.134, 
San Francisco Lachigol,43.943,13.72,60.141,44.63,11.322,63.546,68.972,26.099,27.132,39.29,95.887,105.838,29.55,39.573,62.726,157.826,83.355,13.483,119.034,68.019,10.856,0,50.872,39.885,31.36,105.996,27.828,47.688,281.951,54.142,34.291,158.172,39.518,18.315,75.867,41.137,143.319,140.426,38.454,32.071,19.887,43.94,21.945,12.949,35.094,16.166,31.169,332.462,36.602,39.97,180.986,54.817,150.938,26.085,50.099,39.896,35.041,10.724,34.521,28.13,52.354,16.102,69.621,17.671,57.822,47.323,19.553,34.144,102.631,35.727,16.147,29.089,35.435,45.985,22.289,28.911,18.339,28.722,24.279, 
San Baltazar Guelavila,93.919,58.289,59.144,62.193,46.289,35.891,118.948,42.364,77.108,89.266,92.353,107.25,45.815,89.549,64.7,154.292,85.329,49.234,79.861,42.277,60.832,50.872,0,81.563,18.89,103.564,69.507,69.226,323.629,68.162,75.969,155.741,81.196,59.993,117.546,82.815,140.888,182.105,80.133,73.75,52.713,32.031,63.623,43.543,76.772,57.845,72.848,374.14,64.23,28.061,222.664,96.495,192.616,67.764,91.777,81.574,76.72,52.402,76.2,26.019,76.768,57.781,91.159,59.35,99.501,89.002,61.232,75.822,144.309,77.406,32.816,70.767,77.113,62.621,63.968,70.59,60.018,70.4,65.957, 
Soledad Etla,17.871,44.605,64.483,48.972,40.005,86.755,82.11,54.781,24.112,39.126,124.569,134.52,58.232,13.5,67.068,186.508,87.697,47.332,147.716,72.361,24.74,39.885,81.563,0,64.727,139.363,26.902,60.84,289.539,53.217,11.028,191.539,8.455,24.356,74.942,1.452,176.686,108.756,37.529,31.146,53.254,77.307,25.977,46.316,6.588,24.874,11.839,328.967,55.837,73.337,188.574,23.147,120.873,25.159,11.527,5.557,11.732,29.267,9.043,61.497,51.429,28.465,82.773,25.11,26.152,46.398,25.249,30.484,72.566,34.802,49.514,14.63,31.776,58.272,23.645,16.431,22.722,25.062,16.749, 
Santiago Matatln,74.407,38.777,51.052,75.094,26.777,27.799,99.436,22.852,57.596,69.754,72.841,82.792,26.303,70.037,56.608,134.78,77.237,29.722,85.043,34.185,41.32,31.36,18.89,64.727,0,87.288,53.231,50.339,307.353,49.275,59.693,139.465,64.92,43.717,82.899,66.539,124.612,165.829,63.857,57.474,36.437,13.144,47.347,27.267,60.496,41.569,56.572,357.864,45.343,9.175,206.388,80.219,176.34,51.488,75.501,65.298,60.444,36.126,59.924,9.743,57.881,41.505,72.272,43.074,83.225,72.726,44.956,59.546,128.033,61.13,16.54,54.491,60.837,43.734,47.692,54.314,43.742,54.124,49.681, 
Santa Mara Tlahuitoltepec,149.043,113.413,137.482,149.73,101.413,114.229,174.072,97.488,132.232,144.39,14.747,70.783,100.939,144.673,143.038,82.829,163.667,104.358,98.635,120.615,115.956,105.996,103.564,139.363,87.288,0,126.317,136.42,380.439,135.356,132.779,77.585,138.006,116.803,174.356,139.625,72.017,238.915,136.943,130.56,109.523,99.225,120.433,100.352,133.582,114.655,129.658,430.95,131.424,95.255,279.474,153.305,249.426,124.574,148.587,138.384,133.53,109.212,133.01,77.427,150.843,114.591,158.353,116.16,156.311,145.812,118.042,132.632,201.119,134.216,89.625,127.577,133.923,129.815,120.778,127.4,116.828,127.21,122.767, 
nimas Trujano,36.582,30.086,37.76,22.249,27.948,60.032,71.566,42.725,19.126,16.909,112.513,122.464,46.176,32.211,40.345,174.452,60.974,35.276,135.66,45.638,14.196,27.828,69.507,26.902,53.231,126.317,0,34.325,278.283,26.702,21.755,180.283,26.982,13.408,48.427,28.601,165.43,127.89,11.014,4.631,41.998,66.051,15.029,35.06,22.558,12.412,18.633,328.794,29.322,62.081,177.318,42.281,138.402,2.73,37.563,27.36,22.505,18.011,21.985,50.241,24.914,17.209,56.258,9.611,45.286,19.883,8.267,15.397,90.095,8.287,38.258,13.847,10.363,31.757,5.164,15.609,10.019,7.539,12.854, 
Santa Luca Ocotln,70.52,35.174,9.052,25.728,52.052,31.324,105.503,59.517,53.064,36.37,122.616,132.567,62.968,66.149,7.897,184.555,28.527,45.66,135.379,16.93,48.133,47.688,69.226,60.84,50.339,136.42,34.325,0,311.818,12.14,55.29,189.031,60.517,46.943,25.609,62.136,174.178,161.425,30.323,29.941,40.516,38.886,48.564,68.595,56.093,45.947,52.168,362.329,9.253,43.649,210.853,75.816,171.937,36.264,71.098,60.895,56.04,51.546,55.52,59.309,26.448,50.744,23.647,43.145,78.821,39.193,41.802,41.226,123.63,26.721,71.793,47.382,34.2,7.246,38.699,49.144,43.554,41.074,46.389, 
Ayotzintepec,299.219,286.67,315.417,299.906,282.07,334.294,208.632,273.432,282.407,294.566,366.635,376.586,276.794,294.849,318.002,428.574,338.631,289.398,389.782,323.295,265.398,281.951,323.629,289.539,307.353,380.439,278.283,311.818,0,301.345,279.981,221.916,285.208,261.747,323.07,286.827,283.278,314.031,285.657,279.274,291.428,315.481,262.097,268.364,280.784,263.066,276.86,170.204,303.965,311.511,97.345,300.507,396.628,273.288,295.789,285.586,280.732,267.441,280.212,299.671,299.557,262.37,330.901,265.516,303.512,294.526,265.655,279.834,348.321,282.93,287.688,274.779,281.125,306.4,268.391,274.602,264.153,274.412,269.969, 
Santiago Apstol,62.897,26.432,5.078,5.262,54.262,30.26,97.88,69.039,45.441,14.74,121.552,131.503,72.49,58.526,18.324,183.491,38.954,36.918,134.315,15.866,40.51,54.142,68.162,53.217,49.275,135.356,26.702,12.14,301.345,0,47.845,187.758,53.072,39.498,33.935,54.691,172.905,153.98,16.265,22.497,31.96,37.613,41.119,61.15,48.648,38.502,44.723,354.884,4.668,42.376,203.408,68.371,164.492,28.82,63.653,53.45,48.595,44.101,48.075,58.036,8.917,43.299,34.221,35.701,71.376,12.235,34.357,29.515,116.185,20.137,64.348,39.937,23.729,5.367,31.254,41.699,36.109,33.63,38.944, 
San Pablo Etla,20.708,39.011,58.889,43.378,34.411,81.161,76.516,49.187,18.518,33.532,118.975,128.926,52.638,16.338,61.474,180.914,82.103,41.738,142.122,66.767,19.146,34.291,75.969,11.028,59.693,132.779,21.755,55.29,279.981,47.845,0,184.943,10.336,17.76,68.346,11.955,170.09,111.244,30.933,24.55,46.658,70.711,19.381,39.72,5.912,18.278,2.801,331.455,49.241,66.741,181.978,25.635,121.756,18.563,20.917,10.714,6.072,22.671,5.339,54.901,44.833,21.869,76.177,18.514,28.64,39.802,18.653,23.888,73.449,28.206,42.918,8.034,25.18,51.676,17.049,9.835,16.126,18.466,10.153, 
San Juan Cotzocn,201.219,165.589,189.659,201.906,153.589,166.406,226.248,149.664,184.408,196.566,74.753,114.901,153.115,196.849,195.215,72.688,215.844,156.534,142.753,172.792,168.132,158.172,155.741,191.539,139.465,77.585,180.283,189.031,221.916,187.758,184.943,0,190.591,169.388,226.941,192.21,62.285,291.5,189.528,183.145,162.108,151.81,173.018,152.937,186.167,167.24,182.243,418.053,184.009,147.84,332.059,205.89,302.011,177.159,201.172,190.969,186.115,161.797,185.595,130.012,203.428,167.176,210.938,168.745,208.896,198.397,170.627,185.217,253.704,186.801,142.21,180.162,186.508,182.4,173.363,179.985,169.413,179.795,175.352, 
San Agustn Etla,15.981,44.238,64.116,48.605,39.637,86.388,81.743,54.414,23.745,38.759,124.202,134.153,57.865,11.61,66.701,186.141,87.33,46.965,147.349,71.994,24.373,39.518,81.196,8.455,64.92,138.006,26.982,60.517,285.208,53.072,10.336,190.591,0,24.012,74.598,9.698,176.342,105.499,37.185,30.802,52.91,76.963,25.633,45.972,6.244,24.53,11.495,325.71,55.493,72.993,188.23,19.89,117.615,24.815,15.172,4.968,11.389,28.923,8.699,61.153,51.085,28.121,82.429,24.766,22.895,46.054,24.905,30.14,69.308,34.458,49.17,14.286,31.432,57.928,23.301,16.087,22.378,24.718,16.405, 
San Agustn Yatareni,34.036,23.035,50.542,35.031,18.435,70.658,58.282,33.211,17.224,29.691,102.999,112.95,36.662,29.665,53.127,164.938,73.756,25.762,126.146,58.42,3.17,18.315,59.993,24.356,43.717,116.803,13.408,46.943,261.747,39.498,17.76,169.388,24.012,0,61.646,25.403,156.02,124.693,24.233,17.85,32.588,56.641,3.589,25.65,19.361,4.208,15.436,316.209,42.541,52.671,164.733,39.084,135.205,11.864,34.366,24.162,19.308,8.601,18.788,40.831,38.133,4.983,69.477,5.395,42.089,33.102,5.534,18.41,86.898,21.506,28.848,13.355,19.701,44.976,8.27,13.178,3.008,12.988,8.545, 
Ayoquezco de Aldama,84.622,63.662,31.32,34.171,75.987,63.884,119.605,90.764,67.166,32.435,160.552,170.503,94.215,80.251,22.233,222.491,31.622,74.148,183.699,49.49,62.235,75.867,117.546,74.942,82.899,174.356,48.427,25.609,323.07,33.935,68.346,226.941,74.598,61.646,0,74.883,211.712,174.172,36.457,42.689,62.906,68.196,61.311,81.342,68.84,58.694,64.915,375.076,35.251,72.959,223.6,88.563,184.684,49.012,83.845,73.642,68.787,64.293,68.267,96.523,21.973,63.491,25.585,55.893,91.568,26.8,54.549,43.596,136.377,40.33,84.54,60.129,37.811,35.95,51.446,61.891,56.301,48.33,59.136, 
Nazareno Etla,13.761,45.857,65.735,50.224,41.257,88.007,83.362,56.033,25.364,40.378,125.821,135.772,59.484,9.391,68.32,187.76,88.949,48.584,148.968,73.613,25.992,41.137,82.815,1.452,66.539,139.625,28.601,62.136,286.827,54.691,11.955,192.21,9.698,25.403,74.883,0,177.938,101.703,38.781,32.398,54.506,78.559,27.229,47.568,7.84,26.126,13.091,321.914,57.089,74.589,189.826,16.094,113.82,26.411,10.405,5.205,12.984,30.519,10.295,62.749,52.681,29.717,84.025,26.362,19.099,47.65,26.501,31.736,65.513,36.054,50.766,15.882,33.028,59.524,24.897,17.683,23.974,26.314,18.001, 
San Miguel Quetzaltepec,186.366,150.736,174.806,187.053,138.736,151.553,211.395,134.811,169.555,181.713,59.9,100.048,138.262,181.996,180.362,10.403,200.991,141.681,127.9,157.939,153.279,143.319,140.888,176.686,124.612,72.017,165.43,174.178,283.278,172.905,170.09,62.285,176.342,156.02,211.712,177.938,0,276.647,174.675,168.292,147.255,136.957,158.165,138.084,171.314,152.387,167.39,468.682,169.156,132.987,317.206,191.037,287.158,162.306,186.319,176.116,171.262,146.944,170.742,115.159,188.575,152.323,196.085,153.892,194.043,183.544,155.774,170.364,238.851,171.948,127.357,165.309,171.655,167.547,158.51,165.132,154.56,164.942,160.499, 
San Juan Bautista Cuicatln,101.926,145.146,165.024,149.513,140.546,187.296,182.651,155.323,124.653,139.667,225.111,235.062,158.774,96.169,167.609,287.05,188.238,147.874,248.258,172.902,125.281,140.426,182.105,108.756,165.829,238.915,127.89,161.425,314.031,153.98,111.244,291.5,105.499,124.693,174.172,101.703,276.647,0,144.9,138.517,160.626,184.679,133.348,153.688,113.263,132.246,119.21,221.357,163.208,180.709,288.634,90.668,186.383,132.53,95.242,108.099,119.104,136.639,116.415,168.869,158.8,135.837,190.144,132.481,87.473,153.769,132.62,137.855,138.076,142.173,156.886,122.002,139.147,165.643,131.016,123.803,130.093,132.433,124.121, 
Reyes Mantecn,47.209,26.248,33.922,11.798,38.574,46.213,82.192,53.351,29.753,6.458,123.139,133.09,56.802,42.838,36.507,185.078,57.136,36.734,146.286,31.819,24.822,38.454,80.133,37.529,63.857,136.943,11.014,30.323,285.657,16.265,30.933,189.528,37.185,24.233,36.457,38.781,174.675,144.9,0,6.588,31.565,53.782,25.21,45.241,32.739,22.593,28.814,338.975,19.101,72.262,187.499,52.462,148.583,12.911,47.744,37.541,32.686,28.192,32.166,60.422,14.694,27.39,52.201,19.792,55.467,9.662,18.448,17.873,100.276,4.229,48.439,24.028,10.847,21.536,15.345,25.79,20.2,17.721,23.035, 
San Bartolo Coyotepec,40.826,25.866,33.54,18.03,32.191,55.812,75.809,46.968,23.37,12.69,116.756,126.707,50.419,36.455,36.125,178.695,56.754,39.519,139.903,41.418,18.439,32.071,73.75,31.146,57.474,130.56,4.631,29.941,279.274,22.497,24.55,183.145,30.802,17.85,42.689,32.398,168.292,138.517,6.588,0,46.002,70.055,19.033,39.064,26.561,16.416,22.636,332.798,25.62,66.085,181.322,46.284,142.405,6.733,41.566,31.363,26.508,22.015,25.988,54.245,21.212,21.213,52.556,13.614,49.289,16.181,12.27,11.7,94.098,4.585,42.262,17.85,6.666,28.055,9.168,19.612,14.023,11.543,16.857, 
Magdalena Teitipac,62.934,6.036,44.115,29.303,15.304,63.378,87.963,20.161,46.123,37.667,95.719,105.67,23.612,58.564,46.7,157.658,67.329,6.305,118.866,39.803,29.847,19.887,52.713,53.254,36.437,109.523,41.998,40.516,291.428,31.96,46.658,162.108,52.91,32.588,62.906,54.506,147.255,160.626,31.565,46.002,0,48.306,35.396,17.315,48.545,29.618,44.621,345.913,29.704,44.336,194.437,68.268,164.389,39.537,63.55,53.347,48.493,24.175,47.973,32.496,45.765,29.554,62.723,31.123,71.274,40.734,33.005,42.767,116.082,28.262,20.513,42.54,35.741,39.087,35.741,42.363,31.791,42.173,37.73, 
San Pablo Guil,86.987,51.357,39.514,42.563,39.357,16.261,112.016,35.432,70.176,52.041,85.421,95.372,38.883,82.617,45.07,147.36,65.699,42.302,98.184,22.647,53.9,43.94,32.031,77.307,13.144,99.225,66.051,38.886,315.481,37.613,70.711,151.81,76.963,56.641,68.196,78.559,136.957,184.679,53.782,70.055,48.306,0,59.633,39.553,72.782,53.855,68.858,370.15,33.805,6.369,218.674,92.505,188.626,69.612,87.787,77.584,72.73,48.412,72.21,22.029,46.343,53.791,60.734,55.36,95.511,49.661,57.242,74.574,140.319,60.069,28.826,66.777,67.548,32.196,59.978,66.6,56.028,66.41,61.967, 
San Andrs Huaypam,35.657,26.665,52.163,36.652,22.065,74.288,58.632,36.841,18.845,31.312,106.629,116.58,40.292,31.286,54.748,168.568,75.377,29.392,129.776,60.041,6.8,21.945,63.623,25.977,47.347,120.433,15.029,48.564,262.097,41.119,19.381,173.018,25.633,3.589,61.311,27.229,158.165,133.348,25.21,19.033,35.396,59.633,0,28.428,21.111,6.986,17.186,320.211,44.292,55.449,168.735,40.834,136.955,13.615,36.116,25.913,21.058,11.379,20.538,43.609,39.884,8.611,71.228,7.221,43.839,34.853,7.36,20.161,88.648,23.257,31.626,15.106,21.452,46.727,10.096,14.928,4.833,14.739,10.296, 
Teotitln del Valle,55.996,20.366,72.194,56.683,3.51,54.208,64.899,16.76,39.185,51.343,86.548,96.499,20.211,51.626,74.779,148.487,95.408,11.311,109.696,60.594,22.909,12.949,43.543,46.316,27.267,100.352,35.06,68.595,268.364,61.15,39.72,152.937,45.972,25.65,81.342,47.568,138.084,153.688,45.241,39.064,17.315,39.553,28.428,0,41.435,22.508,37.511,322.816,45.646,35.375,171.34,61.158,157.279,32.427,56.44,46.237,41.383,17.065,40.863,23.535,58.696,22.444,78.665,24.013,64.164,53.665,25.895,40.485,108.972,42.069,11.552,35.43,41.776,55.029,28.631,35.253,24.681,35.063,30.62, 
Santiago Etla,16.268,39.814,59.692,44.181,35.214,81.964,77.319,49.99,19.321,34.335,119.778,129.729,53.441,11.898,62.277,181.717,82.906,42.541,142.925,67.57,19.949,35.094,76.772,6.588,60.496,133.582,22.558,56.093,280.784,48.648,5.912,186.167,6.244,19.361,68.84,7.84,171.314,113.263,32.739,26.561,48.545,72.782,21.111,41.435,0,18.572,5.536,333.748,49.534,67.035,182.272,23.319,118.476,18.856,18.601,8.398,5.43,22.965,2.741,55.195,45.126,22.163,76.47,18.807,26.324,40.095,18.946,24.181,70.169,28.499,43.212,8.328,25.473,51.969,17.342,10.129,16.419,18.759,10.447, 
San Sebastin Tutla,34.554,20.886,49.546,34.035,16.286,68.51,59.601,31.063,17.742,28.695,100.851,110.802,34.514,30.184,52.131,162.79,72.76,23.614,123.998,57.424,2.047,16.166,57.845,24.874,41.569,114.655,12.412,45.947,263.066,38.502,18.278,167.24,24.53,4.208,58.694,26.126,152.387,132.246,22.593,16.416,29.618,53.855,6.986,22.508,18.572,0,16.224,317.516,41.154,49.559,166.04,39.872,135.993,10.477,35.154,24.951,20.096,5.489,19.576,37.719,36.746,4.784,68.09,3.806,42.877,31.715,3.945,17.035,87.686,20.119,25.736,12.161,18.326,43.589,6.681,13.923,2.731,11.613,9.333, 
Viguera,21.519,35.889,55.767,40.256,31.289,78.039,73.395,46.066,15.396,30.41,115.854,125.805,49.517,17.148,58.352,177.793,78.981,38.617,139.001,63.645,16.025,31.169,72.848,11.839,56.572,129.658,18.633,52.168,276.86,44.723,2.801,182.243,11.495,15.436,64.915,13.091,167.39,119.21,28.814,22.636,44.621,68.858,17.186,37.511,5.536,16.224,0,331.407,47.194,64.694,179.931,26.734,122.855,16.516,22.016,11.813,6.958,20.624,6.438,52.854,42.786,19.822,74.13,16.467,29.739,37.755,16.606,21.841,74.548,26.159,40.871,5.987,23.133,49.629,15.002,7.788,14.079,16.419,8.106, 
San Felipe Usila,322.137,337.181,365.928,350.417,332.581,384.805,259.143,323.943,332.918,345.077,417.146,427.097,327.305,316.38,368.513,479.085,389.142,339.909,440.293,373.806,315.909,332.462,374.14,328.967,357.864,430.95,328.794,362.329,170.204,354.884,331.455,418.053,325.71,316.209,375.076,321.914,468.682,221.357,338.975,332.798,345.913,370.15,320.211,322.816,333.748,317.516,331.407,0,358.599,366.145,151.978,306.384,315.615,327.922,310.958,323.815,335.366,322.075,332.131,354.305,354.191,317.004,385.535,320.15,303.189,349.16,320.289,334.468,321.772,337.564,342.322,329.413,335.759,361.034,323.025,329.236,318.787,329.046,324.603, 
San Antonino Castillo Velasco,65.517,24.088,7.751,7.883,56.882,26.328,100.5,67.631,48.061,17.36,117.62,127.571,71.082,61.146,15.437,179.559,36.066,34.574,130.383,11.934,43.13,36.602,64.23,55.837,45.343,131.424,29.322,9.253,303.965,4.668,49.241,184.009,55.493,42.541,35.251,57.089,169.156,163.208,19.101,25.62,29.704,33.805,44.292,45.646,49.534,41.154,47.194,358.599,0,38.603,202.801,67.764,163.885,28.213,63.046,52.843,47.988,43.494,47.468,54.263,13.452,42.692,31.075,35.093,70.769,15.896,33.75,32.146,115.578,18.67,63.741,39.33,26.36,2.221,30.647,41.092,35.502,33.022,38.337, 
San Dionisio Ocotepec,83.017,47.387,44.277,47.326,35.387,21.024,108.046,31.462,66.206,56.804,81.451,91.402,34.913,78.647,49.833,143.39,70.462,38.332,94.214,27.41,49.93,39.97,28.061,73.337,9.175,95.255,62.081,43.649,311.511,42.376,66.741,147.84,72.993,52.671,72.959,74.589,132.987,180.709,72.262,66.085,44.336,6.369,55.449,35.375,67.035,49.559,64.694,366.145,38.603,0,214.705,88.536,184.657,59.805,83.818,73.615,68.761,44.443,68.241,18.06,51.106,49.822,65.497,51.391,91.542,54.424,53.273,67.863,136.35,64.832,24.857,62.808,72.311,36.959,56.009,62.631,52.059,62.441,57.998, 
San Juan Bautista Valle Nacional,198.254,185.705,214.452,198.941,181.105,233.329,107.667,172.467,181.442,193.601,265.67,275.621,175.829,193.884,217.037,327.609,237.666,188.433,288.817,222.33,164.433,180.986,222.664,188.574,206.388,279.474,177.318,210.853,97.345,203.408,181.978,332.059,188.23,164.733,223.6,189.826,317.206,288.634,187.499,181.322,194.437,218.674,168.735,171.34,182.272,166.04,179.931,151.978,202.801,214.705,0,203.499,299.62,176.28,198.781,188.578,183.724,170.433,183.204,202.663,202.549,165.362,233.893,168.508,206.504,197.518,168.647,182.826,251.313,185.922,190.68,177.771,184.117,209.392,171.383,177.594,167.145,177.404,172.961, 
San Pablo Huitzo,16.317,59.537,79.415,63.904,54.937,101.687,97.042,69.713,39.044,54.058,139.501,149.452,73.164,10.559,82,201.44,102.629,62.264,162.648,87.293,39.672,54.817,96.495,23.147,80.219,153.305,42.281,75.816,300.507,68.371,25.635,205.89,19.89,39.084,88.563,16.094,191.037,90.668,52.462,46.284,68.268,92.505,40.834,61.158,23.319,39.872,26.734,306.384,67.764,88.536,203.499,0,98.205,40.103,4.572,16.369,26.677,44.212,23.988,76.442,66.373,43.41,97.717,40.054,3.484,61.342,40.193,45.428,49.898,49.746,64.459,29.575,46.72,73.216,38.589,31.376,37.666,40.006,31.694, 
Villa de Tamazulpam del Progreso,114.043,155.658,175.536,160.025,151.058,197.808,193.163,165.834,135.165,150.179,235.622,245.573,169.285,108.285,178.121,297.561,198.75,158.385,258.769,183.414,135.793,150.938,192.616,120.873,176.34,249.426,138.402,171.937,396.628,164.492,121.756,302.011,117.615,135.205,184.684,113.82,287.158,186.383,148.583,142.405,164.389,188.626,136.955,157.279,118.476,135.993,122.855,315.615,163.885,184.657,299.62,98.205,0,135.716,105.748,114.483,122.29,139.825,119.601,172.055,161.986,139.023,193.33,135.667,100.669,156.955,135.806,141.041,52.664,145.359,160.072,125.188,142.333,168.829,134.202,126.989,133.279,135.619,127.307, 
San Agustn de las Juntas,34.839,32.189,39.863,24.353,26.205,62.135,69.823,40.982,17.383,19.013,110.77,120.721,44.433,30.468,42.448,172.709,63.077,33.533,133.917,47.741,12.453,26.085,67.764,25.159,51.488,124.574,2.73,36.264,273.288,28.82,18.563,177.159,24.815,11.864,49.012,26.411,162.306,132.53,12.911,6.733,39.537,69.612,13.615,32.427,18.856,10.477,16.516,327.922,28.213,59.805,176.28,40.103,135.716,0,35.642,25.439,20.584,16.09,20.064,48.32,27.041,15.288,58.385,7.689,43.365,22.01,6.346,11.04,88.174,10.414,36.337,11.926,12.49,33.884,3.243,13.688,8.098,5.618,10.933, 
Santiago Suchilquitongo,11.599,54.819,74.697,59.186,50.219,96.969,92.324,64.995,34.326,49.34,134.783,144.734,68.446,5.842,77.282,196.722,97.911,57.546,157.93,82.575,34.954,50.099,91.777,11.527,75.501,148.587,37.563,71.098,295.789,63.653,20.917,201.172,15.172,34.366,83.845,10.405,186.319,95.242,47.744,41.566,63.55,87.787,36.116,56.44,18.601,35.154,22.016,310.958,63.046,83.818,198.781,4.572,105.748,35.642,0,12.101,22.409,39.944,19.72,72.174,62.105,39.142,93.449,35.786,10.08,57.074,35.925,41.16,56.494,45.478,60.191,25.307,42.452,68.948,34.321,27.108,33.398,35.738,27.426, 
Villa de Etla,11.104,44.616,64.494,48.983,40.016,86.766,82.121,54.792,24.123,39.137,124.58,134.531,58.243,6.734,67.079,186.519,87.708,47.343,147.727,72.372,24.751,39.896,81.574,5.557,65.298,138.384,27.36,60.895,285.586,53.45,10.714,190.969,4.968,24.162,73.642,5.205,176.116,108.099,37.541,31.363,53.347,77.584,25.913,46.237,8.398,24.951,11.813,323.815,52.843,73.615,188.578,16.369,114.483,25.439,12.101,0,11.7,29.234,9.01,61.464,51.396,28.432,82.74,25.077,19.401,46.365,25.216,30.451,65.814,34.769,49.481,14.597,31.743,58.239,23.612,16.398,22.689,25.029,16.716, 
San Lorenzo Cacaotepec,21.412,39.761,59.639,44.128,35.161,81.911,77.267,49.938,14.831,34.282,119.726,129.677,53.389,17.042,62.224,181.665,82.853,42.489,142.873,67.517,19.897,35.041,76.72,11.732,60.444,133.53,22.505,56.04,280.732,48.595,6.072,186.115,11.389,19.308,68.787,12.984,171.262,119.104,32.686,26.508,48.493,72.73,21.058,41.383,5.43,20.096,6.958,335.366,47.988,68.761,183.724,26.677,122.29,20.584,22.409,11.7,0,24.425,3.523,56.655,46.586,23.622,77.93,20.267,29.717,41.555,20.406,25.641,74.525,29.959,44.672,9.787,26.933,53.429,18.802,6.519,17.879,20.219,11.906, 
Santa Mara del Tule,38.947,15.13,55.145,39.634,10.843,63.067,63.976,25.62,22.136,34.294,95.408,105.359,29.071,34.577,57.73,157.347,78.359,18.171,118.555,63.023,5.86,10.724,52.402,29.267,36.126,109.212,18.011,51.546,267.441,44.101,22.671,161.797,28.923,8.601,64.293,30.519,146.944,136.639,28.192,22.015,24.175,48.412,11.379,17.065,22.965,5.489,20.624,322.075,43.494,44.443,170.433,44.212,139.825,16.09,39.944,29.234,24.425,0,23.936,32.368,41.769,5.517,71.936,7.086,47.237,36.738,8.968,23.558,92.045,25.142,20.385,18.503,24.849,48.3,11.704,18.326,7.754,18.136,13.693, 
Hacienda Blanca,18.723,39.241,59.119,43.608,34.641,81.391,76.747,49.418,18.748,33.762,119.206,129.157,52.869,14.353,61.704,181.145,82.333,41.969,142.353,66.997,19.377,34.521,76.2,9.043,59.924,133.01,21.985,55.52,280.212,48.075,5.339,185.595,8.699,18.788,68.267,10.295,170.742,116.415,32.166,25.988,47.973,72.21,20.538,40.863,2.741,19.576,6.438,332.131,47.468,68.241,183.204,23.988,119.601,20.064,19.72,9.01,3.523,23.936,0,52.996,42.927,19.964,74.271,16.608,27.448,37.896,16.747,21.982,72.256,26.3,41.013,6.129,23.274,49.77,15.143,7.93,14.22,16.56,8.248, 
San Pablo Villa de Mitla,71.177,35.547,59.937,71.864,23.547,36.684,96.206,19.622,54.366,66.524,63.623,73.574,23.073,66.807,65.493,125.562,86.122,26.492,92.172,43.07,38.09,28.13,26.019,61.497,9.743,77.427,50.241,59.309,299.671,58.036,54.901,130.012,61.153,40.831,96.523,62.749,115.159,168.869,60.422,54.245,32.496,22.029,43.609,23.535,55.195,37.719,52.854,354.305,54.263,18.06,202.663,76.442,172.055,48.32,72.174,61.464,56.655,32.368,52.996,0,73.829,37.577,81.339,39.146,79.297,68.798,41.028,55.618,124.105,57.202,12.611,50.563,56.909,52.801,43.764,50.386,39.814,50.196,45.753, 
San Pablo Huixtepec,61.109,40.149,23.465,10.658,52.474,38.866,96.092,67.251,43.653,8.922,137.039,146.99,70.702,56.738,28.522,198.978,49.151,50.635,142.921,24.472,38.722,52.354,76.768,51.429,57.881,150.843,24.914,26.448,299.557,8.917,44.833,203.428,51.085,38.133,21.973,52.681,188.575,158.8,14.694,21.212,45.765,46.343,39.884,58.696,45.126,36.746,42.786,354.191,13.452,51.106,202.549,66.373,161.986,27.041,62.105,51.396,46.586,41.769,42.927,73.829,0,41.518,46.929,33.92,69.595,4.827,32.576,21.623,114.404,18.357,62.567,38.156,15.838,13.972,29.473,39.918,34.328,26.357,37.163, 
Tlalixtac de Cabrera,38.145,20.822,54.343,38.832,16.222,68.446,58.905,30.999,21.333,33.492,100.787,110.738,34.45,33.775,56.928,162.726,77.557,23.55,123.934,62.221,4.683,16.102,57.781,28.465,41.505,114.591,17.209,50.744,262.37,43.299,21.869,167.176,28.121,4.983,63.491,29.717,152.323,135.837,27.39,21.213,29.554,53.791,8.611,22.444,22.163,4.784,19.822,317.004,42.692,49.822,165.362,43.41,139.023,15.288,39.142,28.432,23.622,5.517,19.964,37.577,41.518,0,72.28,6.252,46.403,35.905,8.135,21.225,91.212,24.309,25.783,17.67,22.516,47.779,10.871,17.493,6.921,15.803,12.86, 
Heroica Ciudad de Ejutla de Crespo,92.453,57.107,27.389,47.661,73.985,53.257,127.436,81.45,74.997,55.85,144.549,154.5,84.901,88.082,20.03,206.488,5.968,67.593,157.312,38.863,70.066,69.621,91.159,82.773,72.272,158.353,56.258,23.647,330.901,34.221,76.177,210.938,82.429,69.477,25.585,84.025,196.085,190.144,52.201,52.556,62.723,60.734,71.228,78.665,76.47,68.09,74.13,385.535,31.075,65.497,233.893,97.717,193.33,58.385,93.449,82.74,77.93,71.936,74.271,81.339,46.929,72.28,0,65.075,100.751,51.756,63.732,63.156,145.56,48.651,93.723,69.312,56.13,29.176,60.629,71.074,65.484,63.004,68.319, 
Santa Cruz Amilpas,34.79,22.391,46.744,31.234,17.791,69.016,62.051,32.568,17.51,25.894,102.356,112.307,36.019,30.419,49.329,164.295,69.958,25.119,125.503,54.622,4.681,17.671,59.35,25.11,43.074,116.16,9.611,43.145,265.516,35.701,18.514,168.745,24.766,5.395,55.893,26.362,153.892,132.481,19.792,13.614,31.123,55.36,7.221,24.013,18.807,3.806,16.467,320.15,35.093,51.391,168.508,40.054,135.667,7.689,35.786,25.077,20.267,7.086,16.608,39.146,33.92,6.252,65.075,0,43.08,29.091,1.245,16.433,87.889,17.495,27.284,11.995,17.668,40.965,4.512,13.757,2.565,11.011,9.536, 
San Francisco Telixtlahuaca,19.322,62.542,82.42,66.909,57.942,104.692,100.047,72.719,42.049,57.063,142.507,152.458,76.17,13.565,85.005,204.446,105.634,65.27,165.654,90.298,42.677,57.822,99.501,26.152,83.225,156.311,45.286,78.821,303.512,71.376,28.64,208.896,22.895,42.089,91.568,19.099,194.043,87.473,55.467,49.289,71.274,95.511,43.839,64.164,26.324,42.877,29.739,303.189,70.769,91.542,206.504,3.484,100.669,43.365,10.08,19.401,29.717,47.237,27.448,79.297,69.595,46.403,100.751,43.08,0,66.345,45.196,50.431,50.652,54.749,69.462,34.578,51.723,78.219,43.592,36.379,42.669,45.009,36.697, 
