LOCALIDADES,El Salvador,San Lucas Evangelista,Santa Cruz del Astillero,La Manzanilla de la Paz,La Cofrada de la Luz,Santiago Totolimixpan (Colonia la Guadalupana),Estipac,Paseo Puente Viejo,El Plan (El Cerrito),El Cabezn (El Limn),El Salitre,Buenavista,Santa Fe,Lomas de Tejeda,Villa Emiliano Zapata (Ejido Modelo),Amacueca,Juanacatln,La Laja,Chantepec (El Chante),El Crucero de Santa Mara,Zapotln del Rey,San Marcos,Zapotitn de Hidalgo,La Capilla del Refugio,San Luis Soyatln,Jardines de San Sebastin,San Isidro Mazatepec,Cuisillos,San Francisco de la Soledad (San Francisco),San Esteban (San Miguel Tateposco),Hostotipaquillo,Teuchitln,La Unin del Cuatro (San Jos del Valle),Teocuitatln de Corona,Chiquilistln,Nextipac,Fraccionamiento Campestre las Palomas,Hacienda los Fresnos,Fraccionamiento la Alameda,Cuquo,Paseo del Prado,Tenamaxtln,Concepcin de Buenos Aires,Palomar,La Punta,San Antonio Tlayacapan,Mezcala,Atoyac,San Pedro Itzicn,Cajititln,San Juanito de Escobedo,Atemajac de Brizuela,La Venta del Astillero,Puente Grande,Galaxia la Noria,Colinas del Roble,Ixtlahuacn de los Membrillos,Ixtlahuacn del Ro,El Refugio,Zapote del Valle (Zapote de Santa Cruz),Atequiza,San Juan Cosal,Bellavista,Atotonilquillo,Los Ruiseores,San Miguel Cuyutln,Villa Corona,Los Olivos,San Martn Hidalgo,Fraccionamiento Rancho Alegre,El Capuln,La Alameda,Galaxia Bonito Jalisco,Juanacatln,Tecolotln,Valle Dorado Inn,Acatln de Jurez,Ajijic,Amatitn,Fraccionamiento Villas de la Hacienda,Santa Cruz de las Flores,El Arenal,Lomas de San Agustn,Acatic,La Tijera,Centro de Readaptacin Social,Etzatln,Poncitln,Fraccionamiento Real del Valle (El Paraso),Cocula,Tizapn el Alto,Ahualulco de Mercado,San Jos del Castillo,Magdalena,San Jos el Verde (El Verde),El Quince (San Jos el Quince),Zacoalco de Torres,Jocotepec,Lomas del Sur,Santa Anita,Chapala,El Salto,Las Pintas,Las Pintitas,Santa Cruz del Valle,San Sebastin el Grande,Tequila,Coyula,Tlajomulco de Ziga,San Agustn,Zapotlanejo,Tala,Ameca,Tesistn (San Francisco Tesistn),Hacienda Santa Fe,Tepatitln de Morelos,Tonal,Tlaquepaque,Zapopan,Guadalajara, 
El Salvador,0,119.119,53.62,186.825,107.142,152.74,120.039,109.759,120.039,100.439,97.671,106.071,123.778,107.488,188.002,168.486,178.086,117.259,139.359,118.549,143.455,107.143,127.18,119.47,151.895,100.434,91.517,78.248,111.558,94.936,91.461,82.712,99.398,163.164,171.709,69.958,83.135,99.127,112.444,158.154,94.326,169.52,193.934,90.663,109.759,136.683,147.394,163.045,154.372,119.67,94.498,164.275,65.931,114.402,110.938,102.136,126.96,131.866,70.692,108.591,127.826,144.312,103.342,130.072,63.418,115.687,125.694,118.7,106.855,115.459,109.946,110.804,116.31,117.766,155.389,101.134,117.925,140.49,38.354,99.018,101.628,48.225,97.608,145.286,91.076,112.314,93.643,149.781,97.325,115.019,181.422,94.792,109.038,68.604,102.29,104.078,140.236,134.225,101.83,94.79,133.799,116.226,100.312,100.612,98.747,98.097,50.945,106.324,109.417,94.948,119.398,69.235,106.66,76.693,103.457,159.035,101.885,93.923,83.681,90.626, 
San Lucas Evangelista,119.119,0,66.27,103.185,53.959,50.383,55.752,46.103,36.399,83.592,73.069,22.432,60.121,11.099,104.362,84.846,94.446,53.602,50.964,65.366,58.732,111.056,43.54,27.069,68.255,19.665,32.022,53.548,47.902,63.224,128.512,70.495,21.196,79.524,118.526,58.365,64.999,18.167,29.311,119.483,24.917,116.337,110.294,33.213,46.103,34.342,45.054,79.405,52.032,12.26,94.838,80.635,55.443,50.746,10.117,17.316,24.619,93.196,58.475,22.079,25.486,45.611,39.939,27.732,72.428,3.646,42.054,22.233,75.454,26.005,19.416,27.671,33.177,36.939,102.206,20.013,34.285,38.149,81.328,19.821,19.503,73.728,25.699,95.117,30.876,48.658,97.505,47.441,21.821,61.836,97.782,82.575,29.909,105.656,38.78,40.568,56.596,50.585,15.952,27.756,31.459,35.018,26.768,33.857,24.116,21.431,93.919,56.706,11.099,24.469,60.41,54.184,87.406,62.15,15.007,108.866,51.715,28.831,44.065,48.712, 
Santa Cruz del Astillero,53.62,66.27,0,133.329,58.811,99.244,71.708,56.263,66.543,52.108,49.34,52.575,70.282,53.992,134.506,114.99,124.59,63.763,85.863,70.218,89.959,74.942,73.684,65.974,98.399,46.938,43.186,29.917,58.062,41.44,67.368,34.381,45.902,109.668,123.378,16.462,29.639,45.631,58.948,104.658,40.83,121.189,140.438,37.167,56.263,83.187,93.898,109.549,100.876,66.174,58.724,110.779,12.435,60.906,57.442,48.64,73.464,78.37,22.361,55.095,74.33,90.816,55.011,76.576,15.087,62.191,72.198,65.204,58.524,61.963,56.45,57.308,62.814,64.27,107.058,47.638,64.429,86.994,16.276,45.522,48.132,8.676,44.112,91.79,37.58,58.818,61.391,96.285,43.829,66.688,127.926,46.461,55.542,44.512,48.794,50.582,86.74,80.729,48.334,41.294,80.303,62.73,46.816,47.116,45.251,44.601,28.867,52.828,55.921,41.452,65.902,20.904,58.329,23.197,49.961,105.539,48.389,40.427,30.185,37.13, 
La Manzanilla de la Paz,186.825,103.185,133.329,0,108.861,140.708,110.654,134.981,91.301,138.494,127.971,88.996,148.999,104.721,46.82,74.891,109.765,142.48,68.556,120.268,148.225,187.27,69.118,112.384,41.748,106.137,108.236,129.762,136.78,138.73,204.017,146.709,112.331,40.273,173.428,133.87,140.504,107.735,118.19,194.989,110.779,171.239,14.158,108.719,134.981,85.851,110.815,56.521,117.792,114.96,171.052,135.537,130.948,139.624,101.526,107.816,98.972,168.702,134.689,120.661,114.862,73.509,94.841,117.107,147.933,104.34,96.956,107.548,130.356,114.884,117.696,116.55,122.056,125.818,157.108,114.193,89.187,81.311,156.833,109.937,93.225,149.233,101.205,177.376,106.382,137.536,173.719,138.47,120.822,116.738,40.24,151.349,118.788,181.161,127.824,129.612,71.649,63.422,102.424,103.262,90.319,123.897,125.845,126.146,122.244,105.297,169.424,138.414,98.069,99.975,151.488,130.398,150.716,137.655,114.094,191.125,133.975,120.79,119.571,121.191, 
La Cofrada de la Luz,107.142,53.959,58.811,108.861,0,102.172,14.381,90.128,20.39,31.137,20.615,33.197,104.146,48.922,102.809,73.295,81.707,97.627,54.166,12.911,119.746,73.063,41.987,72.909,66.702,50.338,32.09,34.95,91.927,82.931,120.56,52.595,56.532,77.371,66.071,67.083,84.705,51.936,82.178,139.19,54.98,63.882,108.741,52.92,90.128,71.461,96.425,71.562,103.402,59.161,56.844,67.896,63.056,94.771,45.727,52.017,76.408,112.903,40.575,68.98,77.275,59.119,19.974,79.521,55.267,48.541,13.019,72.14,22.999,72.906,79.68,80.538,86.044,89.806,49.751,58.394,21.512,66.921,69.467,54.138,37.426,58.633,45.406,121.577,50.583,92.683,59.511,99.23,65.023,9.381,96.229,43.993,78.773,97.704,72.025,73.813,45.938,49.032,46.625,47.463,75.929,87.885,70.046,70.347,66.445,49.498,82.058,82.615,42.27,44.176,95.689,42.859,43.359,73.818,58.295,135.326,78.176,64.991,63.772,65.392, 
Santiago Totolimixpan (Colonia la Guadalupana),152.74,50.383,99.244,140.708,102.172,0,107.712,61.344,88.359,143.557,140.789,74.392,33.762,63.514,109.412,136.806,146.406,51.591,74.086,117.326,9.631,166.39,86.809,38.449,100.313,75.487,83.982,121.366,60.243,84.536,162.619,125.829,60.115,131.484,170.486,92.473,88.451,63.742,49.118,140.796,69.379,168.297,160.297,76.356,61.344,57.464,20.46,131.365,13.316,50.063,150.172,132.595,89.55,56.445,62.077,65.289,47.741,114.508,113.809,51.59,25.549,68.733,91.899,23.513,106.536,55.605,94.014,38.476,127.414,45.813,48.624,47.478,52.984,43.166,154.166,59.107,86.245,61.271,115.435,62.979,71.463,107.836,77.659,73.778,76.768,61.892,152.839,2.831,60.74,113.796,116.027,137.909,49.716,139.763,58.587,60.375,108.556,78.743,67.912,74.013,54.581,54.825,62.384,53.665,62.275,75.274,128.027,58.706,63.059,80.641,47.891,112.353,149.778,88.748,60.838,87.527,55.606,60.705,73.906,66.357, 
Estipac,120.039,55.752,71.708,110.654,14.381,107.712,0,91.924,22.186,44.048,33.525,34.993,105.942,50.718,104.605,55.295,63.139,99.423,55.962,25.822,121.542,85.973,43.783,74.705,68.498,52.134,33.886,47.86,93.723,84.727,133.47,65.505,58.328,58.182,78.983,79.867,86.501,53.732,83.974,140.986,56.776,76.794,110.537,54.716,91.924,73.257,98.221,53.561,105.198,60.957,69.754,49.329,76.945,96.567,47.523,53.813,78.204,114.699,53.485,70.776,79.071,60.915,21.77,81.317,68.177,50.337,14.814,73.936,35.91,74.702,81.476,82.334,87.84,91.602,62.662,60.19,23.308,68.717,82.377,55.934,39.222,71.543,47.202,123.373,52.379,94.479,72.421,101.026,66.819,15.336,98.025,56.903,80.569,110.614,73.821,75.609,27.938,50.828,48.421,49.259,77.725,89.681,71.842,72.143,68.241,51.294,94.968,84.411,44.066,45.972,97.485,55.769,56.27,83.652,60.091,137.122,79.972,66.787,65.568,67.188, 
Paseo Puente Viejo,109.759,46.103,56.263,134.981,90.128,61.344,91.924,0,70.665,97.958,95.19,56.698,17.94,48.888,138.628,119.112,128.712,11.421,69.071,99.632,52.685,120.791,77.806,26.935,102.521,40.421,65.362,75.767,5.72,41.146,117.02,80.23,34.487,113.79,152.792,46.874,45.061,38.114,18.28,97.406,34.313,150.603,144.56,41.29,0,52.449,63.161,113.671,70.139,35.437,104.573,114.901,43.951,8.564,48.641,39.661,42.727,71.118,68.21,24.358,43.593,63.718,74.205,45.839,60.937,45.73,76.32,34.467,109.72,31.225,25.713,20.148,14.229,11.928,136.472,31.875,68.551,56.256,69.836,37.351,52.255,62.237,39.983,48.454,33.961,6.476,107.24,65.548,32.414,96.102,132.048,92.31,15.884,94.164,15.507,14.119,90.862,73.728,41.817,38.947,49.566,10.388,27.318,18.599,27.209,40.208,82.428,15.316,53.201,45.575,18.228,66.754,104.179,45.358,33.606,62.203,10.008,25.639,28.307,19.697, 
El Plan (El Cerrito),120.039,36.399,66.543,91.301,20.39,88.359,22.186,70.665,0,50.432,39.91,14.149,85.098,29.874,83.761,52.871,61.283,78.579,35.118,32.206,100.698,92.358,22.939,53.861,47.654,31.29,18.896,40.422,72.879,63.883,129.17,57.369,37.484,55.759,85.367,59.023,65.657,32.888,63.13,120.142,35.932,83.178,89.693,33.872,71.08,52.413,77.377,51.138,84.354,40.113,76.139,47.472,56.101,75.723,26.679,32.969,57.36,93.855,45.349,49.932,58.227,40.071,6.78,60.473,57.117,29.493,8.895,53.092,42.294,53.858,60.632,61.49,66.996,70.758,69.046,39.346,1.089,47.873,81.986,35.09,18.378,74.386,26.358,102.529,31.535,73.635,78.806,80.182,45.975,28.676,77.181,63.288,59.725,106.314,52.977,54.765,25.514,29.984,27.577,28.415,56.881,68.837,50.998,51.299,47.397,30.45,94.577,63.567,23.222,25.128,76.641,41.058,62.654,62.808,39.247,116.278,59.128,45.943,44.724,46.344, 
El Cabezn (El Limn),100.439,83.592,52.108,138.494,31.137,143.557,44.048,97.958,50.432,0,15.289,62.842,114.208,78.567,132.454,102.94,78.867,107.689,83.811,18.354,133.885,71.8,71.632,109.9,96.347,79.983,50.489,28.254,101.988,85.366,113.864,45.899,89.828,107.016,70.678,60.388,73.565,81.581,102.874,148.584,84.756,68.49,138.386,81.093,100.189,101.106,126.07,101.207,133.047,88.806,55.582,65.056,56.361,104.832,75.372,81.662,117.39,122.296,33.879,99.021,118.256,88.764,49.619,120.502,48.571,78.186,42.664,109.13,8.086,105.889,100.376,101.234,106.74,108.196,54.358,91.564,51.157,96.566,62.771,89.448,67.071,51.937,75.051,135.716,80.228,102.744,58.249,140.211,87.755,24.24,125.874,36.386,99.468,91.008,92.72,94.508,75.583,78.677,76.27,77.108,105.574,106.656,90.742,91.042,89.177,79.143,75.362,96.754,71.915,73.821,109.828,36.163,17.973,67.123,93.887,149.465,92.315,84.353,74.111,81.056, 
El Salitre,97.671,73.069,49.34,127.971,20.615,140.789,33.525,95.19,39.91,15.289,0,52.327,110.559,68.052,121.939,92.425,76.479,104.04,73.296,15.966,130.236,61.808,61.117,92.039,85.832,69.468,46.84,24.605,98.339,81.717,110.216,42.25,75.662,96.501,68.29,56.739,69.916,71.066,99.225,144.935,74.11,66.102,127.871,72.05,96.54,90.591,115.555,90.692,122.532,78.291,45.589,62.668,52.712,101.183,64.857,71.147,95.538,118.647,30.23,95.372,96.405,78.249,39.104,98.651,44.923,67.671,32.149,91.27,14.282,92.036,96.727,97.585,103.091,104.547,51.97,77.524,40.642,86.051,59.123,73.268,56.556,48.289,64.536,132.067,69.713,99.095,48.256,118.36,84.106,21.852,115.359,32.738,95.819,87.36,89.071,90.859,65.068,68.162,65.755,66.593,95.059,103.007,87.093,87.393,85.528,68.628,71.714,93.105,61.4,63.306,106.179,32.515,32.302,63.474,77.425,145.816,88.666,80.704,70.462,77.407, 
Buenavista,106.071,22.432,52.575,88.996,33.197,74.392,34.993,56.698,14.149,62.842,52.327,0,75.457,20.233,83.344,63.828,73.428,68.938,34.701,44.348,91.057,93.767,22.522,44.22,47.237,21.649,14.732,36.259,63.238,54.242,119.529,53.206,27.843,58.506,97.508,49.382,56.016,23.247,53.489,110.501,26.292,95.319,89.276,24.231,61.439,51.996,68.154,58.387,75.132,30.472,77.549,59.617,46.46,66.082,17.038,23.328,47.719,84.214,41.186,40.291,48.586,39.654,18.921,50.832,52.954,19.852,21.036,43.451,54.436,44.217,50.991,51.849,57.355,61.117,81.188,29.705,13.267,47.456,72.345,25.449,4.799,64.745,16.717,92.888,21.894,63.994,80.216,70.541,36.334,40.818,76.764,65.286,50.084,96.673,43.336,45.124,35.578,29.567,17.936,18.774,56.464,59.196,41.357,41.658,37.756,20.809,84.936,53.926,13.581,15.487,67,36.895,74.796,53.167,29.606,106.637,49.487,36.302,35.083,36.704, 
Santa Fe,123.778,60.121,70.282,148.999,104.146,33.762,105.942,17.94,85.098,114.208,110.559,75.457,0,66.056,139.673,136.28,145.88,8.835,86.239,116.8,24.34,137.526,94.974,36.591,119.689,57.589,82.53,92.502,13.239,58.314,133.755,96.965,51.655,130.958,169.96,63.609,62.229,55.282,30.023,114.574,51.481,167.771,161.728,58.458,17.167,69.617,55.227,130.839,45.227,52.605,121.308,132.069,60.686,11.046,65.809,56.829,59.895,88.286,84.945,41.526,38.751,80.886,91.373,37.241,77.672,62.898,93.488,51.635,126.888,48.393,42.881,29.804,25.468,17.544,153.64,49.043,85.719,73.424,86.571,54.519,69.423,78.972,56.718,47.423,50.696,17.715,123.975,34.327,49.582,113.27,149.216,109.045,33.052,110.899,32.675,31.287,108.03,90.896,58.985,56.115,66.734,21.627,44.486,35.767,44.377,57.376,99.163,32.484,70.369,62.743,17.197,83.489,120.914,62.526,50.774,61.172,26.743,42.807,45.042,36.864, 
Lomas de Tejeda,107.488,11.099,53.992,104.721,48.922,63.514,50.718,48.888,29.874,78.567,68.052,20.233,66.056,0,99.886,80.37,89.97,55.316,51.243,60.89,69.325,104.918,39.064,27.722,63.779,9.318,25.884,47.41,49.616,47.095,122.374,64.357,10.696,75.048,114.05,52.227,58.861,8.004,31.025,103.355,14.57,111.861,105.818,27.075,47.817,44.935,55.647,74.929,62.625,13.974,88.7,76.159,49.305,52.46,3.618,7.153,35.212,77.067,52.337,18.989,36.079,56.196,35.463,38.325,66.29,7.667,37.578,26.953,70.978,27.719,21.949,29.385,34.891,38.653,97.73,12.558,29.809,48.742,75.19,9.658,13.365,67.59,19.561,79.956,24.738,50.372,91.367,58.034,14.11,57.36,93.306,76.437,31.623,99.518,28.154,29.942,52.12,46.109,5.66,13.764,42.051,36.732,19.085,26.476,16.433,11.084,87.781,40.993,6.595,18.331,54.068,48.046,81.268,56.012,12.459,93.705,36.554,21.12,37.927,28.234, 
Villa Emiliano Zapata (Ejido Modelo),188.002,104.362,134.506,46.82,102.809,109.412,104.605,138.628,83.761,132.454,121.939,83.344,139.673,99.886,0,86.832,121.706,154.081,62.916,114.628,117.167,181.63,63.478,106.744,36.108,100.497,102.596,124.122,131.14,133.09,198.377,141.069,106.691,52.36,167.788,128.23,134.864,102.095,112.55,189.349,105.139,165.599,51.229,103.079,129.341,80.211,105.175,82.278,117.62,109.32,165.412,129.897,125.308,133.984,95.886,102.176,93.332,163.062,129.049,115.021,109.222,67.869,89.201,127.818,142.293,98.7,91.316,101.908,124.716,109.244,112.056,110.91,116.416,120.178,151.468,108.553,83.547,75.671,151.193,104.297,87.585,143.593,95.565,176.268,100.742,131.896,168.079,107.411,115.182,111.098,6.96,145.709,113.148,175.521,122.184,123.972,105.858,57.782,96.784,97.622,84.679,118.257,120.205,120.506,116.604,99.657,163.784,132.774,92.429,94.335,150.381,124.758,145.076,132.015,108.454,190.017,128.335,115.15,113.931,115.551, 
Amacueca,168.486,84.846,114.99,74.891,73.295,136.806,55.295,119.112,52.871,102.94,92.425,63.828,136.28,80.37,86.832,0,36.166,129.611,86.15,88.985,151.73,149.136,73.971,104.893,58.331,82.322,75.674,97.2,123.911,114.915,180.202,114.147,88.516,35.324,54.543,110.055,116.689,83.92,114.162,171.174,86.964,139.957,60.736,84.904,122.112,103.445,128.409,12.623,135.386,91.145,132.917,49.733,107.133,126.755,77.711,84.001,108.392,144.887,102.127,100.964,109.259,91.103,63.558,111.505,124.118,80.525,65.673,104.124,99.073,104.89,111.664,112.522,118.028,121.79,125.825,90.378,52.579,98.905,133.018,86.122,69.41,125.418,77.39,153.561,82.567,124.667,135.584,131.214,97.007,85.455,80.318,120.066,110.757,157.346,104.009,105.797,29.194,81.016,78.609,79.447,107.913,119.869,102.03,102.331,98.429,81.482,145.609,114.599,74.254,76.16,127.673,97.836,119.433,113.84,90.279,167.31,110.16,96.975,95.756,97.376, 
Juanacatln,178.086,94.446,124.59,109.765,81.707,146.406,63.139,128.712,61.283,78.867,76.479,73.428,145.88,89.97,121.706,36.166,0,138.022,94.561,60.151,160.141,157.547,82.382,113.304,107.097,90.733,84.085,105.611,132.322,123.326,188.613,122.558,96.927,70.198,39.839,118.466,125.1,92.331,122.573,179.585,95.375,86.999,95.61,93.315,130.523,111.856,136.82,47.497,143.797,99.556,141.328,13.549,115.544,135.166,86.122,92.412,116.803,153.298,110.538,109.375,117.67,99.514,71.969,119.916,132.529,88.936,74.084,112.535,69.326,113.301,120.075,120.933,126.439,130.201,72.867,98.789,60.99,107.316,141.429,94.533,77.821,133.829,85.801,161.972,90.978,133.078,143.995,139.625,105.418,65.943,136.624,128.477,119.168,165.757,112.42,114.208,55.915,89.427,87.02,87.858,116.324,128.28,110.441,110.742,106.84,89.893,154.02,123.01,82.665,84.571,136.084,106.247,89.686,122.251,98.69,175.721,118.571,105.386,104.167,105.787, 
La Laja,117.259,53.602,63.763,142.48,97.627,51.591,99.423,11.421,78.579,107.689,104.04,68.938,8.835,55.316,154.081,129.611,138.022,0,80.679,111.452,44.439,137.569,89.626,31.031,114.341,52.029,77.182,92.545,7.679,52.754,133.798,97.008,46.095,125.61,164.612,63.652,56.669,49.722,24.463,109.014,45.921,162.423,156.38,53.11,11.607,64.057,49.667,125.491,65.758,47.045,121.351,126.721,60.729,5.486,60.249,51.269,54.335,82.726,84.988,35.966,33.191,75.326,86.025,31.681,77.715,57.338,88.14,46.075,121.54,42.833,37.321,24.244,19.908,11.984,148.292,43.483,80.371,67.864,86.614,48.959,64.074,79.015,56.761,37.389,50.739,12.155,124.018,55.273,44.022,107.922,162.104,109.088,27.492,110.942,27.115,25.727,102.682,85.336,53.425,50.555,61.174,16.067,38.926,30.207,38.817,51.816,99.206,26.924,64.809,57.394,7.163,83.532,120.957,56.966,45.214,51.138,26.785,38.506,45.085,37.536, 
Chantepec (El Chante),139.359,50.964,85.863,68.556,54.166,74.086,55.962,69.071,35.118,83.811,73.296,34.701,86.239,51.243,62.916,86.15,94.561,80.679,0,64.479,80.157,131.481,13.328,44.434,26.833,50.348,52.447,73.973,68.83,82.941,148.228,90.92,56.542,42.399,117.639,78.081,84.715,51.946,50.24,139.2,54.99,115.45,68.872,52.93,67.031,17.901,42.865,78.518,49.842,51.185,115.263,79.748,75.159,71.674,45.737,52.027,31.022,112.913,78.9,52.711,46.912,5.559,39.052,49.157,92.144,48.551,41.167,39.598,74.567,46.934,49.746,48.6,54.106,57.868,101.319,58.404,33.398,13.361,101.044,54.148,37.436,93.444,45.416,116.046,50.593,69.586,117.93,68.867,65.033,60.949,56.36,95.56,50.838,125.372,59.708,61.496,55.709,5.263,46.635,47.473,22.369,55.947,63.505,54.786,66.455,49.508,113.635,77.634,42.28,44.186,81.338,74.609,94.927,81.866,58.305,129.795,72.644,61.826,63.782,65.402, 
El Crucero de Santa Mara,118.549,65.366,70.218,120.268,12.911,117.326,25.822,99.632,32.206,18.354,15.966,44.348,116.8,60.89,114.628,88.985,60.151,111.452,64.479,0,131.172,86.531,53.413,84.335,78.128,61.764,43.516,46.375,103.353,94.357,131.985,64.02,67.958,88.797,53.369,78.508,96.131,63.362,93.604,150.616,66.406,51.18,120.167,64.346,101.554,82.887,107.851,82.988,114.828,70.587,70.313,47.746,74.481,106.197,57.153,63.443,87.834,124.329,52,80.406,88.701,70.545,31.4,90.947,66.692,59.967,24.445,83.566,10.296,84.332,91.106,91.964,97.47,101.232,37.048,69.82,32.938,78.347,80.892,65.564,48.852,70.058,56.832,133.003,62.009,104.109,72.98,110.656,76.449,6.021,107.655,60.828,90.199,109.129,83.451,85.239,57.364,60.458,58.051,58.889,87.355,99.311,81.472,81.773,77.871,60.924,93.483,94.041,53.696,55.602,107.115,54.284,30.656,85.243,69.721,146.752,89.602,76.417,75.198,76.818, 
Zapotln del Rey,143.455,58.732,89.959,148.225,119.746,9.631,121.542,52.685,100.698,133.885,130.236,91.057,24.34,69.325,117.167,151.73,160.141,44.439,80.157,131.172,0,157.051,109.108,46.798,108.662,74.519,96.664,112.027,50.904,75.197,153.28,116.49,68.585,145.092,184.094,83.134,79.112,72.212,57.467,131.457,68.411,181.905,166.882,72.592,52.005,65.813,28.809,144.973,21.665,58.412,140.833,146.203,80.211,47.106,70.426,73.759,56.09,105.169,104.47,59.939,33.898,77.082,105.507,31.862,97.197,63.954,107.622,46.825,141.022,54.162,56.973,55.827,60.306,53.604,167.774,70.321,99.853,69.62,106.096,71.449,83.556,98.497,76.243,64.439,70.221,52.553,143.5,11.18,66.512,127.404,122.612,128.57,58.731,130.424,58.354,56.966,122.164,87.092,75.915,73.446,62.93,56.465,61.193,61.493,61.307,74.306,118.688,49.367,71.408,76.876,38.552,103.014,140.439,79.409,72.644,78.188,46.267,57.988,64.567,57.018, 
San Marcos,107.143,111.056,74.942,187.27,73.063,166.39,85.973,120.791,92.358,71.8,61.808,93.767,137.526,104.918,181.63,149.136,157.547,137.569,131.481,86.531,157.051,0,116.294,144.983,141.009,125.946,80.636,64.152,137.071,120.449,57.71,42.18,124.91,152.278,136.886,95.47,108.647,124.639,137.957,183.667,119.838,118.164,183.048,116.175,135.272,162.196,172.907,152.159,179.885,145.183,25.74,142.169,91.444,139.915,103.167,127.648,152.473,157.379,54.429,134.104,153.339,133.426,92.461,155.585,71.969,107.916,87.292,144.213,74.47,140.972,135.459,136.317,141.823,143.279,120.566,126.646,95.785,166.003,69.64,124.53,93.514,79.425,102.432,170.799,116.588,137.827,14.591,175.294,122.837,83.634,170.536,29.101,134.551,41.864,127.803,129.591,120.211,123.339,102.943,120.302,159.312,141.739,125.825,126.125,124.259,123.609,57.342,131.837,101.646,101.202,144.911,59.562,58.64,102.205,128.969,184.548,127.398,119.436,109.193,116.139, 
Zapotitn de Hidalgo,127.18,43.54,73.684,69.118,41.987,86.809,43.783,77.806,22.939,71.632,61.117,22.522,94.974,39.064,63.478,73.971,82.382,89.626,13.328,53.413,109.108,116.294,0,59.856,28.563,39.897,41.996,63.522,81.486,72.49,137.777,80.469,46.091,44.13,107.188,67.63,74.264,41.495,71.737,128.749,44.539,104.999,70.603,42.479,79.687,33.323,58.287,68.067,65.264,48.72,104.812,69.297,64.708,84.33,35.286,41.576,46.444,102.462,68.449,58.539,62.334,20.981,28.601,64.579,81.693,38.1,30.716,55.02,64.116,62.465,69.239,70.097,75.603,79.365,90.868,47.953,22.947,28.783,90.593,43.697,26.985,82.993,34.965,111.136,40.142,82.242,107.479,84.289,54.582,50.498,58.091,85.109,68.332,114.921,61.584,63.372,45.258,10.894,36.184,37.022,37.791,77.444,59.605,59.906,56.004,39.057,103.184,72.174,31.829,33.735,85.248,64.158,84.476,71.415,47.854,124.885,67.735,54.55,53.331,54.951, 
La Capilla del Refugio,119.47,27.069,65.974,112.384,72.909,38.449,74.705,26.935,53.861,109.9,92.039,44.22,36.591,27.722,106.744,104.893,113.304,31.031,44.434,84.335,46.798,144.983,59.856,0,71.606,42.783,56.046,88.631,21.776,60.24,129.884,93.094,27.411,103.548,142.55,59.738,62.888,31.038,9.275,116.5,36.675,140.361,113.645,43.652,23.806,28.757,39.469,103.429,46.447,17.359,117.437,104.659,56.815,21.639,30.563,32.585,19.034,90.212,81.074,18.886,19.901,40.026,63.963,22.147,73.801,26.898,66.078,5.109,99.478,13.109,15.92,9.056,13.121,16.883,126.23,26.403,58.309,32.564,82.7,30.275,43.527,75.101,47.896,68.338,44.064,20.049,120.104,41.856,28.036,85.86,101.133,105.174,10.281,107.028,18.277,16.889,80.62,50.036,39.976,41.309,25.874,14.962,29.68,20.961,29.571,42.57,95.292,34.409,35.123,47.937,38.113,79.618,117.043,60.04,28.134,82.087,33.331,28.001,41.171,35.815, 
San Luis Soyatln,151.895,68.255,98.399,41.748,66.702,100.313,68.498,102.521,47.654,96.347,85.832,47.237,119.689,63.779,36.108,58.331,107.097,114.341,26.833,78.128,108.662,141.009,28.563,71.606,0,64.389,66.488,88.014,95.032,96.982,162.269,104.961,70.583,43.17,131.68,92.122,98.756,65.987,76.442,153.241,69.031,129.491,42.039,66.971,93.233,44.103,69.067,92.559,76.044,73.212,129.304,93.789,89.2,97.876,59.778,66.068,57.224,126.954,92.941,78.913,73.114,31.761,53.093,75.359,106.185,62.592,55.208,65.8,88.608,73.136,75.948,74.802,80.308,84.07,115.36,72.445,47.439,39.563,115.085,68.189,51.477,107.485,59.457,135.628,64.634,95.788,131.971,95.069,79.074,74.99,29.527,109.601,77.04,139.413,86.076,87.864,69.75,21.674,60.676,61.514,48.571,82.149,84.097,84.398,80.496,63.549,127.676,96.666,56.321,58.227,109.74,88.65,108.968,95.907,72.346,149.377,92.227,79.042,77.823,79.443, 
Jardines de San Sebastin,100.434,19.665,46.938,106.137,50.338,75.487,52.134,40.421,31.29,79.983,69.468,21.649,57.589,9.318,100.497,82.322,90.733,52.029,50.348,61.764,74.519,125.946,39.897,42.783,64.389,0,27.129,48.655,43.31,40.286,110.091,65.602,7.843,76.293,115.295,39.944,46.578,3.879,24.395,96.546,7.533,113.106,107.063,14.793,41.511,48.634,59.346,76.174,66.324,22.35,89.945,77.404,37.022,46.154,10.998,3.961,38.911,70.258,53.582,16.136,39.778,57.441,36.708,42.024,54.007,16.22,38.823,30.652,72.223,27.41,21.897,22.755,28.261,32.023,98.975,9.705,31.054,52.441,62.907,6.081,14.61,55.307,9.928,75.21,10.666,44.066,92.612,61.733,11.257,58.605,94.551,77.682,30.156,87.235,23.408,25.196,53.365,47.354,3.654,4.728,45.751,30.102,21.429,21.73,13.58,2.048,75.498,36.247,8.775,7.961,49.322,49.291,82.513,43.729,9.606,88.959,31.808,16.374,23.967,21.671, 
San Isidro Mazatepec,91.517,32.022,43.186,108.236,32.09,83.982,33.886,65.362,18.896,50.489,46.84,14.732,82.53,25.884,102.596,75.674,84.085,77.182,52.447,43.516,96.664,80.636,41.996,56.046,66.488,27.129,0,22.602,69.611,60.614,104.59,39.549,33.507,72.934,96.672,51.114,62.389,28.911,59.862,116.873,32.565,94.484,103.704,30.603,67.812,66.424,76.875,72.815,83.853,39.193,63.892,66.013,47.087,72.455,23.824,28.992,56.44,90.586,27.529,41.8,57.307,54.082,13.118,59.553,39.297,28.573,20.2,52.172,53.6,52.938,57.364,58.222,63.728,67.49,80.352,35.369,19.629,61.884,53.497,31.113,14.171,42.663,23.089,99.26,28.266,70.367,66.559,79.262,42.707,39.982,91.192,51.629,56.457,81.734,49.709,51.497,44.055,43.995,23.6,25.146,63.28,65.569,47.73,48.031,44.129,27.181,66.088,60.298,22.303,21.859,73.372,23.238,56.46,57.849,35.27,113.009,55.859,42.675,41.455,43.076, 
Cuisillos,78.248,53.548,29.917,129.762,34.95,121.366,47.86,75.767,40.422,28.254,24.605,36.259,92.502,47.41,124.122,97.2,105.611,92.545,73.973,46.375,112.027,64.152,63.522,88.631,88.014,48.655,22.602,0,79.74,63.118,91.616,23.651,67.58,94.461,99.487,38.14,51.317,50.437,80.626,126.336,62.508,97.298,125.231,52.129,77.941,87.951,115.576,94.342,122.554,60.719,47.994,87.539,34.113,82.584,45.35,50.518,95.142,100.048,11.631,76.773,96.008,75.609,34.644,98.254,26.323,50.099,41.726,86.882,34.634,83.641,78.128,78.986,84.492,85.948,83.167,56.895,41.155,83.411,40.523,52.639,35.697,29.689,44.615,113.468,49.792,80.496,50.661,117.963,65.507,42.797,112.719,35.731,77.22,68.76,70.472,72.26,65.581,65.522,45.126,46.672,101.981,84.408,68.494,68.794,66.929,48.707,53.114,74.506,43.829,43.385,87.58,11.584,34.438,44.875,56.796,127.217,70.067,62.105,51.863,58.808, 
San Francisco de la Soledad (San Francisco),111.558,47.902,58.062,136.78,91.927,60.243,93.723,5.72,72.879,101.988,98.339,63.238,13.239,49.616,131.14,123.911,132.322,7.679,68.83,103.353,50.904,137.071,81.486,21.776,95.032,43.31,69.611,79.74,0,45.62,121.494,84.704,38.961,118.264,157.266,51.348,49.535,42.588,15.256,101.88,38.787,155.077,149.034,45.764,4.474,46.369,46.083,118.145,53.061,29.356,109.047,119.375,48.425,3.679,42.56,44.135,36.646,75.592,72.684,28.832,37.513,57.638,78.679,28.097,65.411,39.649,80.794,28.387,114.194,25.145,19.632,15.037,10.701,8.4,140.946,36.349,73.025,50.176,74.31,41.825,56.729,66.711,44.457,46.796,38.435,2.947,111.714,48.427,36.888,100.576,136.522,96.784,14.611,98.638,19.981,18.593,95.336,67.648,46.291,43.421,43.486,6.86,31.792,23.073,31.683,44.682,86.902,19.79,47.12,50.049,16.571,71.228,108.653,49.832,38.08,60.545,14.482,30.113,32.781,24.171, 
San Esteban (San Miguel Tateposco),94.936,63.224,41.44,138.73,82.931,84.536,84.727,41.146,63.883,85.366,81.717,54.242,58.314,47.095,133.09,114.915,123.326,52.754,82.941,94.357,75.197,120.449,72.49,60.24,96.982,40.286,60.614,63.118,45.62,0,102.964,66.174,42.349,106.115,145.117,25.086,12.067,42.078,55.024,65.286,37.277,142.928,136.885,33.614,45.661,71.559,82.271,105.996,89.249,54.546,90.517,107.226,29.895,50.304,53.889,45.087,61.836,38.998,54.154,43.467,62.703,82.828,66.53,64.949,46.881,58.638,68.645,53.576,90.318,50.335,44.822,45.68,58.126,53.668,128.797,44.085,60.876,75.366,55.78,41.969,44.579,48.18,40.559,79.971,34.027,48.216,93.184,84.658,40.276,88.427,124.373,78.254,52.628,80.108,52.251,38.954,83.187,77.176,44.781,37.741,68.675,52.128,35.188,35.488,35.302,41.048,68.372,30.18,52.368,37.899,54.083,52.698,90.123,17.611,46.408,93.72,33.086,31.984,22.39,20.974, 
Hostotipaquillo,91.461,128.512,67.368,204.017,120.56,162.619,133.47,117.02,129.17,113.864,110.216,119.529,133.755,122.374,198.377,180.202,188.613,133.798,148.228,131.985,153.28,57.71,137.777,129.884,162.269,110.091,104.59,91.616,121.494,102.964,0,83.447,130.907,194.673,214.28,101.467,114.644,130.636,143.954,189.664,125.835,212.091,225.443,122.172,141.269,168.193,178.904,194.554,185.882,151.18,58.325,195.784,97.441,145.912,142.447,133.645,158.47,163.376,113.262,140.101,159.336,175.821,155.088,161.582,105.989,147.196,157.203,150.21,149.426,146.969,141.456,142.314,147.82,149.276,197.96,132.643,149.434,172,67.242,130.527,133.137,77.027,129.117,176.796,122.585,143.824,57.471,181.291,128.834,157.59,212.931,70.369,140.548,39.466,133.8,135.588,171.745,165.734,133.339,126.299,165.309,147.736,131.822,132.122,130.256,129.606,54.944,137.834,140.926,126.457,150.908,111.806,149.231,108.202,134.966,190.545,133.395,125.433,115.19,122.136, 
Teuchitln,82.712,70.495,34.381,146.709,52.595,125.829,65.505,80.23,57.369,45.899,42.25,53.206,96.965,64.357,141.069,114.147,122.558,97.008,90.92,64.02,116.49,42.18,80.469,93.094,104.961,65.602,39.549,23.651,84.704,66.174,83.447,0,72.691,111.743,117.078,43.251,56.428,72.42,85.737,131.447,67.619,114.889,142.513,63.956,83.052,109.976,120.687,111.624,127.665,78.001,25.897,104.821,39.224,87.695,62.632,75.429,100.253,105.159,13.894,81.884,101.119,92.891,51.926,103.365,31.434,67.381,64.046,91.993,52.225,88.752,83.239,84.097,89.603,91.059,100.758,74.427,58.437,113.783,45.634,72.311,52.979,34.8,61.897,118.579,64.369,85.607,28.564,123.074,70.618,60.388,130.001,13.634,82.331,54.266,75.583,77.371,82.863,82.804,62.408,68.083,107.092,89.519,73.605,73.905,72.04,71.39,58.225,79.617,61.111,60.667,92.691,19.027,52.03,49.986,76.75,132.328,75.178,67.216,56.974,63.919, 
La Unin del Cuatro (San Jos del Valle),99.398,21.196,45.902,112.331,56.532,60.115,58.328,34.487,37.484,89.828,75.662,27.843,51.655,10.696,106.691,88.516,96.927,46.095,56.542,67.958,68.585,124.91,46.091,27.411,70.583,7.843,33.507,67.58,38.961,42.349,130.907,72.691,0,81.882,120.884,40.991,47.625,4.136,17.062,98.876,6.19,118.695,112.652,22.283,36.071,41.301,52.013,81.763,58.991,16.049,98.69,82.993,38.069,40.714,13.377,5.683,31.578,72.588,62.327,8.803,32.445,52.57,42.297,34.691,55.054,19.749,44.412,23.319,77.812,20.077,14.564,15.422,20.928,24.69,104.564,2.372,36.643,45.108,63.954,3.373,20.199,56.354,15.494,69.77,14.928,38.626,101.357,54.4,3.924,64.194,100.14,86.427,17.66,88.282,17.968,19.756,58.954,52.943,9.243,10.294,38.418,22.769,8.899,16.29,6.247,9.614,76.545,30.807,14.204,13.527,43.882,60.871,98.296,44.776,4.569,83.519,26.368,10.934,28.721,23.365, 
Teocuitatln de Corona,163.164,79.524,109.668,40.273,77.371,131.484,58.182,113.79,55.759,107.016,96.501,58.506,130.958,75.048,52.36,35.324,70.198,125.61,42.399,88.797,145.092,152.278,44.13,103.548,43.17,76.293,72.934,94.461,118.264,106.115,194.673,111.743,81.882,0,88.506,102.307,108.941,76.172,106.414,163.426,79.216,138.689,26.113,77.156,114.364,63.707,88.671,30.702,95.648,83.397,139.489,72.282,99.385,119.007,69.963,76.253,100.644,137.139,103.126,93.216,101.511,51.365,62.29,103.757,116.37,72.777,64.405,96.376,97.805,97.142,103.916,104.774,110.28,114.042,124.557,82.63,55.399,59.167,125.27,78.374,61.662,117.67,69.642,145.813,74.819,116.919,142.156,123.466,89.259,84.187,45.78,118.798,103.009,149.598,96.261,98.049,32.014,41.278,70.861,71.699,68.175,112.121,94.282,94.583,90.681,73.734,137.861,106.851,66.506,68.412,119.925,98.835,118.165,106.092,82.531,159.562,102.412,89.227,88.008,89.628, 
Chiquilistln,171.709,118.526,123.378,173.428,66.071,170.486,78.983,152.792,85.367,70.678,68.29,97.508,169.96,114.05,167.788,54.543,39.839,164.612,117.639,53.369,184.094,136.886,107.188,142.55,131.68,115.295,96.672,99.487,157.266,145.117,214.28,117.078,120.884,88.506,0,131.652,149.276,116.507,146.749,203.761,119.551,51.426,113.95,117.491,154.699,136.032,160.996,65.837,167.973,123.732,122.566,31.418,127.625,159.342,110.298,116.588,140.979,177.474,105.144,133.551,141.846,123.69,84.545,144.092,119.836,113.112,77.589,136.711,62.549,137.477,144.251,145.109,150.615,154.377,37.295,122.965,86.083,131.492,134.036,118.709,101.997,123.202,109.977,186.148,115.154,157.254,125.233,163.801,129.594,59.166,160.8,113.081,143.344,162.273,136.596,138.384,82.408,113.603,111.196,112.034,140.5,152.456,134.617,134.918,131.016,114.069,146.627,147.186,106.841,108.747,160.26,107.428,82.909,138.387,122.866,199.897,142.747,129.562,128.343,129.963, 
Nextipac,69.958,58.365,16.462,133.87,67.083,92.473,79.867,46.874,59.023,60.388,56.739,49.382,63.609,52.227,128.23,110.055,118.466,63.652,78.081,78.508,83.134,95.47,67.63,59.738,92.122,39.944,51.114,38.14,51.348,25.086,101.467,43.251,40.991,102.307,131.652,0,14.047,38.531,51.848,97.558,33.73,129.465,133.338,30.067,49.163,76.087,86.798,102.449,93.776,59.074,66.999,103.679,6.378,53.806,50.342,41.54,66.364,71.27,30.636,47.995,67.23,83.716,62.983,69.476,23.363,55.091,65.098,58.104,66.8,54.863,49.35,50.208,55.714,57.17,115.334,40.538,57.329,79.894,32.263,38.422,41.032,24.663,37.012,84.69,30.48,51.718,69.666,89.185,36.729,74.964,120.826,54.736,48.442,56.591,41.694,43.482,79.64,73.629,41.234,34.194,73.203,55.63,39.716,40.016,38.151,37.501,44.854,45.728,48.821,34.352,58.802,29.18,66.605,7.605,42.861,98.439,41.289,33.327,23.085,30.03, 
Fraccionamiento Campestre las Palomas,83.135,64.999,29.639,140.504,84.705,88.451,86.501,45.061,65.657,73.565,69.916,56.016,62.229,58.861,134.864,116.689,125.1,56.669,84.715,96.131,79.112,108.647,74.264,62.888,98.756,46.578,62.389,51.317,49.535,12.067,114.644,56.428,47.625,108.941,149.276,14.047,0,45.102,54.98,75.878,40.301,145.952,139.909,36.638,52.995,79.219,89.93,109.02,96.908,62.206,80.201,110.25,19.58,57.638,56.913,48.111,69.496,49.59,43.838,51.127,70.362,90.287,69.554,72.608,36.565,61.662,71.669,61.236,80.002,57.995,52.482,53.34,58.846,61.002,131.821,47.109,63.9,83.026,45.465,44.993,47.603,37.865,43.583,87.822,37.051,55.55,82.868,92.317,43.3,91.451,127.397,67.938,59.962,69.793,44.826,46.614,86.211,80.2,47.805,40.765,76.335,59.462,42.848,43.148,44.722,44.072,58.056,37.514,55.392,40.923,61.934,42.382,79.807,6.598,49.432,101.571,40.42,36.459,22.95,25.85, 
Hacienda los Fresnos,99.127,18.167,45.631,107.735,51.936,63.742,53.732,38.114,32.888,81.581,71.066,23.247,55.282,8.004,102.095,83.92,92.331,49.722,51.946,63.362,72.212,124.639,41.495,31.038,65.987,3.879,28.911,50.437,42.588,42.078,130.636,72.42,4.136,76.172,116.507,38.531,45.102,0,20.767,95.692,6.907,116.491,110.448,18.652,39.776,45.006,55.718,79.559,62.696,19.754,98.413,80.789,37.792,44.419,11.173,3.479,35.283,69.404,62.05,12.508,36.15,60.826,40.093,38.396,54.777,15.222,42.208,27.024,75.608,23.782,18.269,19.127,24.633,28.395,102.36,6.077,34.439,48.813,63.677,3.177,17.995,56.077,13.787,73.475,12.689,42.331,101.08,58.105,7.629,61.99,97.936,86.15,21.365,88.005,21.673,23.461,56.75,50.739,7.039,8.587,42.123,26.474,12.604,19.995,9.952,6.678,76.268,34.512,12,11.82,47.587,52.676,85.898,44.499,5.978,87.224,30.073,14.639,23.739,20.571, 
Fraccionamiento la Alameda,112.444,29.311,58.948,118.19,82.178,49.118,83.974,18.28,63.13,102.874,99.225,53.489,30.023,31.025,112.55,114.162,122.573,24.463,50.24,93.604,57.467,137.957,71.737,9.275,76.442,24.395,59.862,80.626,15.256,55.024,143.954,85.737,17.062,106.414,146.749,51.848,54.98,20.767,0,107.858,29.019,145.309,118.713,35.996,15.164,33.825,44.537,108.377,51.515,16.812,109.78,109.607,49.158,19.807,30.016,22.261,24.102,81.57,73.417,8.679,24.969,45.094,68.911,27.215,66.144,27.105,71.026,15.843,104.426,12.601,7.088,1.736,6.614,10.377,131.178,16.079,63.257,37.632,75.043,19.951,46.961,67.444,40.24,59.696,36.408,13.543,112.447,46.924,17.712,90.808,106.201,97.517,2.368,99.371,9.635,8.247,85.568,55.104,25.821,33.653,30.942,8.456,22.024,13.305,21.915,34.914,87.635,25.767,34.576,40.281,29.471,71.961,109.386,55.81,17.81,73.445,24.689,20.345,33.514,28.159, 
Cuquo,158.154,119.483,104.658,194.989,139.19,140.796,140.986,97.406,120.142,148.584,144.935,110.501,114.574,103.355,189.349,171.174,179.585,109.014,139.2,150.616,131.457,183.667,128.749,116.5,153.241,96.546,116.873,126.336,101.88,65.286,189.664,131.447,98.876,163.426,203.761,97.558,75.878,95.692,107.858,0,98.28,201.831,195.788,92.518,103.278,129.175,139.887,164.899,146.865,112.162,151.52,166.129,90.898,107.921,112.793,106.09,119.452,26.698,115.157,101.083,120.319,140.444,125.433,122.565,107.884,117.542,127.548,111.192,151.321,107.951,102.438,103.296,115.743,111.285,187.7,105.088,119.779,132.982,116.783,102.972,103.483,109.183,99.463,74.522,92.93,105.833,154.187,141.544,101.279,147.33,183.276,139.257,110.245,141.111,109.868,96.57,142.09,136.079,105.784,96.644,126.291,109.745,92.804,93.104,92.918,102.051,129.375,87.797,111.272,96.803,98.635,113.701,151.126,82.777,107.411,56.458,90.703,89.6,80.006,78.59, 
Paseo del Prado,94.326,24.917,40.83,110.779,54.98,69.379,56.776,34.313,35.932,84.756,74.11,26.292,51.481,14.57,105.139,86.964,95.375,45.921,54.99,66.406,68.411,119.838,44.539,36.675,69.031,7.533,32.565,62.508,38.787,37.277,125.835,67.619,6.19,79.216,119.551,33.73,40.301,6.907,29.019,98.28,0,118.382,112.339,16.496,35.375,51.664,62.376,81.45,69.354,21.407,92.903,82.68,32.282,40.018,16.274,9.236,41.941,63.894,56.54,14.161,42.808,62.933,41.984,45.054,49.267,21.496,44.099,33.682,77.499,30.44,24.927,25.785,31.291,35.053,104.251,9.81,36.33,55.471,58.167,6.118,19.886,50.567,12.628,69.074,8.994,37.93,95.57,64.763,6.001,63.881,99.827,80.64,24.02,82.495,17.272,19.06,58.641,52.63,8.93,6.723,48.781,33.132,15.293,15.594,9.388,7.321,70.758,30.111,14.051,10.661,43.186,55.084,92.509,38.989,10.388,82.823,25.672,10.238,18.229,15.061, 
Tenamaxtln,169.52,116.337,121.189,171.239,63.882,168.297,76.794,150.603,83.178,68.49,66.102,95.319,167.771,111.861,165.599,139.957,86.999,162.423,115.45,51.18,181.905,118.164,104.999,140.361,129.491,113.106,94.484,97.298,155.077,142.928,212.091,114.889,118.695,138.689,51.426,129.465,145.952,116.491,145.309,201.831,118.382,0,171.122,115.301,152.509,133.842,158.806,133.943,165.783,121.542,99.932,72.005,125.436,157.152,108.108,114.398,138.789,175.284,102.955,131.361,139.656,121.5,82.355,141.902,117.647,110.922,75.399,134.521,60.359,135.287,142.061,142.919,148.425,152.187,14.459,120.775,83.893,129.302,131.847,116.519,99.807,121.013,107.787,183.958,112.964,155.064,102.599,161.611,127.404,56.976,158.61,90.447,141.154,160.084,134.406,136.194,108.319,111.413,109.006,109.844,138.31,150.266,132.427,132.728,128.826,111.879,144.438,144.996,104.651,106.557,158.07,105.239,59.503,136.198,120.676,197.707,140.557,127.372,126.153,127.773, 
Concepcin de Buenos Aires,193.934,110.294,140.438,14.158,108.741,160.297,110.537,144.56,89.693,138.386,127.871,89.276,161.728,105.818,51.229,60.736,95.61,156.38,68.872,120.167,166.882,183.048,70.603,113.645,42.039,107.063,103.704,125.231,149.034,136.885,225.443,142.513,112.652,26.113,113.95,133.338,139.909,110.448,118.713,195.788,112.339,171.122,0,109.042,135.304,86.174,111.138,42.481,118.115,115.283,171.375,97.761,131.271,139.947,101.849,108.139,99.295,169.025,135.012,120.984,115.185,73.832,95.164,117.43,148.256,104.663,97.279,107.871,130.679,115.207,118.019,116.873,122.379,126.141,157.431,114.516,89.51,81.634,157.156,110.26,93.548,149.556,101.528,177.699,106.705,137.859,174.042,154.071,121.145,117.061,40.564,151.672,119.111,181.484,128.147,129.935,57.493,63.745,102.747,103.585,90.642,124.22,126.168,126.469,122.567,105.62,169.747,138.737,98.392,100.298,151.811,130.721,151.039,137.978,114.417,191.448,134.298,121.113,119.894,121.514, 
