LOCALIDADES,Cala Sur,San Isidro,Amixtln,Tlacotepec (San Mateo),Zoatecpan,Coahuixco,Xaltepec,El Mirador,Ahueyahualco,Chicahuaxtla,San Juan Tahitic,Xonocuautla,Chapopote Nez,Espinal,Xochitln de Vicente Surez,Juan Marcos (San Jos Buenavista),Ocotln de Betancourt,Colonias Pedernales,Oyameles,Ayotoxco de Guerrero,Plan de Arroyos,Tzinacapan,La Libertad,General Lzaro Crdenas del Ro,Xoloateno,Nautla,San Francisco,Mecapalapa,Coahuitln,Jicolapa,Los Molinos (San Jos),Zozocolco de Hidalgo,Comaltepec,Las Colonias de Hidalgo,Arroyo del Maz Uno,Las Lomas,Ixtepec,Villa Aldama,Chicontla,Colonia Libertad,Entabladero,Chiconcuautla,Atzingo (La Cumbre),San Jos Acateno,San Francisco,San Andrs Payuca,Caxhuacan,Tepango de Rodrguez,Sosa,Huitzilan,Xaltepuxtla,Estero del dolo,Felipe Carrillo Puerto,La Palmilla,Metlaltoyuca,San Sebastin,Zacate Colorado,El Chote,Coxquihui,San Antonio Limn (Totalco),San Miguel Tenextatiloyan,Tacopan,Cazones de Herrera,Zongozotla,Tatoxcac,Castillo de Teayo,Ciudad de Tetela de Ocampo,Xalacapan,Teteles de Avila Castillo,San Juan Acateno,Yaonhuac,Tecolutla,Puntilla Aldama,Xaltipan,Mecatln,Atoluca,Hueytamalco,Agua Dulce,Ciudad de Cuetzalan,Hueyapan,Venustiano Carranza,Atempan,San Rafael,Tenango de las Flores,Totolapa,Nuevo Necaxa,San Juan Xiutetelco,Zacapoaxtla,Coyutla,Santiago de la Pea,Villa vila Camacho (La Ceiba),Ciudad de Tlatlauquitepec,Zaragoza,Chignautla,Plan de Ayala,Villa Lzaro Crdenas (La Uno),Filomeno Mata,Jalacingo,Gutirrez Zamora,Tihuatln,Alto Lucero,Independencia,Altotonga,lamo,Zacatln,Coatzintla,Tlapacoyan,Perote,Xicotepec de Jurez,Papantla de Olarte,Teziutln,Martnez de la Torre,Txpam de Rodrguez Cano,Poza Rica de Hidalgo, 
Cala Sur,0,12.65,112.797,118.885,57.228,7.945,260.185,23.356,45.906,267.335,51.241,17.346,190.362,77.001,67.614,51.154,26.984,71.79,26.722,52.209,70.661,76.51,36.818,138.547,13.606,112.63,25.119,191.918,108.452,213.604,65.584,77.126,40.408,255.161,137.117,40.507,90.992,56.162,282.596,52.97,95.764,270.319,214.447,64.072,225.536,64.379,94.739,96.91,10.91,68.39,257.688,183.711,85.769,58.918,197.378,21.253,140.295,110.462,78.827,69.759,40.182,1.445,160.53,77.225,40.172,168.557,80.187,44.007,7.256,21.875,10.068,150.032,94.406,26.058,109.455,20.051,42.994,107.634,74.289,11.068,157.555,4.696,96.694,253.297,137.238,250.814,25.985,40.874,96.019,184.085,289.567,17.486,30.787,10.853,134.887,124.109,110.393,28.623,138.865,156.044,191.415,70.532,41.938,186.729,210.651,126.316,49.35,58.006,262.658,115.826,16.901,71.514,189.148,135.068, 
San Isidro,12.65,0,122.045,128.133,66.476,4.466,269.433,32.604,32.258,276.583,60.489,22.901,188.145,74.56,76.862,37.506,36.231,59.462,32.166,49.768,58.333,85.195,46.066,136.33,5.601,100.302,10.531,189.701,107.866,222.852,51.936,76.54,49.656,264.409,134.9,49.755,100.24,42.514,145.001,39.322,95.178,279.567,223.695,61.855,223.319,73.627,94.153,106.158,2.46,77.638,266.936,181.494,73.441,46.59,195.161,11.712,138.078,108.245,78.241,49.003,49.43,11.169,158.313,86.473,49.42,166.34,89.434,53.255,16.504,11.247,19.316,137.704,82.078,9.009,108.869,9.423,30.666,105.417,84.331,20.316,155.338,13.944,84.366,262.545,135.021,260.062,12.337,50.122,95.433,181.868,229.491,26.733,40.035,3.211,132.67,157.361,109.807,14.975,126.537,153.827,189.198,58.204,28.29,184.512,219.899,124.099,37.022,36.05,207.45,113.609,4.556,59.186,186.931,132.851, 
Amixtln,112.797,122.045,0,17.475,63.425,115.994,108.739,89.931,153.955,115.889,77.464,97.125,219.571,96.008,55.389,236.635,88.169,157.614,101.913,90.291,156.485,81.135,93.674,188.016,121.655,283.322,133.168,153.085,100.213,40.946,228.049,62.522,75.098,103.715,199.537,82.886,41.167,223.293,131.15,229.529,87.525,54.167,38.423,132.612,186.703,121.235,53.263,15.888,118.958,44.413,106.242,212.92,171.593,144.742,226.587,129.302,116.423,111.975,70.588,223.114,97.038,111.003,214.245,48.384,76.838,197.766,49.661,68.498,105.404,129.924,106.167,249.543,180.23,134.107,101.216,128.1,120.043,119.25,78.915,109.291,162.478,108.145,182.518,101.851,190.903,99.368,134.034,72.178,87.78,213.183,138.121,94.22,90.922,118.902,191.485,159.783,102.154,136.672,238.377,185.253,220.513,156.356,149.987,215.938,34.45,123.222,133.668,219.392,111.212,118.723,124.95,157.338,218.246,196.601, 
Tlacotepec (San Mateo),118.885,128.133,17.475,0,69.513,122.082,111.901,96.019,236.039,119.051,83.552,103.213,222.733,102.096,61.477,241.416,94.257,163.702,108.001,96.379,162.573,87.223,99.762,191.178,127.743,286.484,139.256,156.247,106.301,36.161,232.83,68.61,81.186,106.877,202.699,88.974,47.255,228.074,134.312,234.31,93.613,49.382,33.638,138.7,189.865,191.417,59.351,21.976,125.046,50.501,109.404,216.082,177.681,150.83,229.749,135.39,186.145,118.063,76.676,227.895,103.126,117.091,217.407,54.472,82.926,200.928,53.156,74.586,111.492,136.012,112.255,252.705,288.067,140.195,107.304,134.188,126.131,125.338,85.003,115.379,165.64,114.233,296.178,105.013,194.065,102.53,140.122,78.266,93.868,216.345,141.283,100.308,97.01,124.99,194.647,162.945,108.242,142.76,241.539,188.415,223.675,162.444,241.436,219.1,37.006,195.9,139.756,224.173,114.374,217.427,131.038,163.426,221.408,199.763, 
Zoatecpan,57.228,66.476,63.425,69.513,0,60.366,154.933,34.303,98.327,162.083,21.836,41.497,170.835,80.549,11.631,103.575,32.541,122.982,46.285,55.659,121.853,22.91,38.046,119.02,66.027,169.085,77.54,172.391,91.249,104.659,92.045,40.3,19.47,149.909,124.493,27.258,41.62,99.105,128.384,105.391,78.561,165.067,105.501,97.98,173.957,65.607,45.443,47.538,63.33,19.018,152.436,164.184,136.961,110.11,177.851,73.674,107.459,95.319,61.624,97.187,41.41,55.375,145.361,27.853,21.21,149.03,44.953,12.87,49.776,74.296,50.539,151.001,145.598,78.479,92.252,72.472,85.411,103.66,20.69,53.663,124.719,52.517,147.886,148.045,117.711,145.562,78.406,16.55,78.816,164.558,145.128,38.592,35.294,63.274,115.36,106.906,93.19,81.044,139.835,136.517,171.888,121.724,94.359,167.202,101.705,114.258,99.036,85.434,156.996,110.593,69.322,122.706,169.621,119.898, 
Coahuixco,7.945,4.466,115.994,122.082,60.366,0,263.588,26.758,38.021,270.738,54.643,20.749,182.477,77.303,71.016,43.269,30.386,63.905,25.223,52.511,62.776,79.912,40.221,130.662,5.721,104.745,17.234,184.033,110.609,217.007,57.699,79.283,43.81,258.564,129.232,43.909,94.394,48.277,147.744,45.085,97.921,273.722,217.85,56.187,217.651,67.782,96.896,100.312,3.024,71.792,261.091,175.826,77.884,51.033,189.493,13.368,132.41,102.577,80.984,62,43.585,5.324,152.645,80.627,43.574,160.672,83.589,47.409,10.659,13.99,13.47,142.147,86.521,18.173,111.612,12.166,35.109,99.749,77.691,14.47,149.67,8.099,88.809,256.7,129.353,254.217,18.1,44.276,98.176,176.2,223.823,20.888,34.19,2.968,127.002,151.693,112.55,20.738,130.98,148.159,183.53,62.647,34.053,178.844,214.054,118.431,41.465,50.247,266.061,107.941,9.016,63.629,181.263,127.183, 
Xaltepec,260.185,269.433,108.739,111.901,154.933,263.588,0,238.652,249.082,17.334,166.731,237.826,140.128,135.338,157.174,254.459,235.46,191.837,227.973,143.292,233.942,156.211,228.776,108.573,270.953,203.879,261.758,73.642,124.108,72.649,245.873,122.717,164.365,6.298,109.73,159.298,135.265,241.117,34.571,247.353,118.756,24.363,78.916,175.038,107.26,204.46,139.502,109.986,268.256,138.511,5.691,133.477,183.37,201.171,147.144,210.026,92.697,119.729,115.734,240.938,225.294,260.301,134.802,142.482,166.105,118.323,111.301,157.765,254.702,207.409,255.465,170.1,205.462,260.042,125.111,219.706,196.677,126.844,155.347,258.589,76.538,257.443,213.573,7.242,111.46,9.637,269.118,161.445,111.675,133.74,46.573,243.517,231.623,268.2,100.597,69.496,56.411,266.997,158.934,105.81,141.07,190.579,254.479,136.495,75.122,102.451,210.757,237.216,19.664,122.799,223.615,189.368,138.803,105.135, 
El Mirador,23.356,32.604,89.931,96.019,34.303,26.758,238.652,0,64.6,243.979,28.461,7.083,209.056,85.869,44.834,69.848,3.628,90.484,20.379,61.077,89.355,53.73,13.462,157.241,32.3,131.324,43.813,281.175,122.069,190.248,63.039,73.365,17.628,231.805,155.811,17.727,68.212,74.856,259.24,71.664,109.381,246.963,191.091,82.766,314.793,41.023,78.508,74.13,29.603,45.61,234.332,202.405,104.463,77.612,216.072,39.947,138.279,129.156,92.444,68.181,16.826,21.648,179.224,54.445,17.392,187.251,56.831,21.227,16.049,40.569,16.812,168.726,113.1,44.752,123.072,38.745,61.688,126.328,51.509,19.936,155.539,18.79,115.388,229.941,155.932,227.458,44.679,18.094,109.636,202.779,266.211,4.865,7.431,29.547,153.581,137.726,124.01,47.317,157.559,174.738,210.109,89.226,60.632,205.423,187.295,145.01,68.044,56.428,239.302,134.52,35.595,90.208,207.842,153.762, 
Ahueyahualco,45.906,32.258,153.955,236.039,98.327,38.021,249.082,64.6,0,254.893,93.375,52.375,198.357,94.735,109.748,15.079,69.118,63.294,66.471,69.943,47.595,105.37,78.953,146.542,36.726,104.134,15.446,199.913,128.041,201.162,20.051,96.715,82.542,242.719,145.112,82.641,127.16,10.629,270.154,10.182,115.353,257.877,202.005,64.771,233.531,59.892,114.328,139.044,28.52,110.524,245.246,191.706,77.273,50.422,205.373,37.818,148.29,118.457,98.416,31.732,82.317,44.056,168.525,119.359,82.306,176.552,115.209,86.141,49.391,37.353,52.202,141.536,85.91,17.202,129.044,29.45,40.878,115.629,104.506,53.202,165.55,46.831,88.198,240.855,145.233,238.372,15.439,83.008,115.608,192.08,277.125,59.62,56.812,35.969,142.882,167.573,129.982,18.288,130.369,164.039,199.41,62.036,5.771,194.724,198.209,134.311,40.038,19.671,250.216,123.821,30.919,63.018,197.143,143.063, 
Chicahuaxtla,267.335,276.583,115.889,119.051,162.083,270.738,17.334,243.979,254.893,0,173.88,244.975,147.277,142.487,164.323,261.608,242.609,198.986,235.122,150.441,241.091,163.36,235.925,115.722,278.102,211.028,268.907,80.791,65.488,79.798,253.022,129.866,171.514,12.172,116.879,166.447,142.414,248.266,35.01,254.502,125.905,26.972,86.065,182.187,114.409,211.609,146.651,117.135,275.405,145.66,12.004,140.626,190.519,208.32,154.293,217.175,99.846,126.878,122.883,248.087,232.443,267.45,141.951,149.631,173.254,125.472,118.45,164.914,261.851,214.558,262.614,177.249,212.611,267.191,61.312,226.855,203.826,133.993,162.496,265.738,83.687,264.592,220.722,14.391,118.609,16.786,276.267,168.594,118.824,140.889,53.722,250.666,238.772,275.349,107.746,76.645,56.85,274.146,166.083,112.959,148.219,197.728,261.628,143.644,82.271,109.6,217.906,244.365,26.813,129.948,230.764,196.517,145.952,112.284, 
San Juan Tahitic,51.241,60.489,77.464,83.552,21.836,54.643,166.731,28.461,93.375,173.88,0,35.655,189.136,98.85,32.315,97.732,26.699,118.368,40.443,73.96,117.239,41.211,32.204,137.321,60.184,159.208,71.697,190.692,109.55,118.036,86.203,60.847,14.694,163.286,142.794,21.633,55.693,93.263,146.685,99.548,96.862,178.444,118.878,116.281,192.258,59.765,65.99,61.611,57.487,33.091,165.813,182.485,132.347,105.496,196.152,67.831,125.76,113.62,79.925,91.345,35.568,49.532,163.662,41.926,15.106,167.331,58.33,9.043,43.933,68.453,44.696,169.302,140.984,72.636,110.553,66.629,89.572,121.961,38.991,47.82,143.02,46.674,143.272,161.422,136.012,158.939,72.563,11.179,97.117,182.859,163.429,32.749,29.452,57.431,133.661,125.207,111.491,75.201,158.136,154.818,190.189,117.11,88.516,185.503,115.082,132.559,95.928,79.592,170.783,128.894,63.479,118.092,187.922,138.199, 
Xonocuautla,17.346,22.901,97.125,103.213,41.497,20.749,237.826,7.083,52.375,244.975,35.655,0,209.267,88.214,52.03,59.949,9.3,80.584,17.23,63.422,79.455,60.926,12.638,157.452,24.523,121.424,33.914,280.35,129.265,189.423,58.037,80.561,24.824,230.98,156.022,24.923,75.408,65.097,258.415,61.765,116.577,246.138,190.266,82.977,313.968,40.199,85.704,81.326,19.737,52.806,233.507,202.616,94.563,67.712,216.283,30.371,145.475,129.367,99.64,63.179,16.001,23.993,179.435,61.641,24.587,187.462,56.006,28.423,18.394,30.827,19.157,158.826,103.2,28.885,130.268,29.003,51.788,126.539,58.705,22.281,162.735,21.135,105.488,229.116,156.143,226.633,34.78,25.29,116.832,202.99,265.386,7.053,6.107,31.892,153.792,144.922,131.206,37.418,147.659,174.949,210.32,79.326,50.733,205.634,186.47,145.221,58.144,51.426,238.477,134.731,25.695,80.308,208.053,153.973, 
Chapopote Nez,190.362,188.145,219.571,222.733,170.835,182.477,140.128,209.056,198.357,147.277,189.136,209.267,0,100.543,151.48,210.461,199.631,153.154,213.376,125.412,195.259,150.517,205.137,51.832,180.149,147.406,194.137,83.977,118.414,183.529,224.891,117.023,186.56,136.269,63.353,194.348,146.64,215.469,148.266,212.278,93.231,159.545,189.796,136.355,92.148,315.34,133.808,163.734,181.071,166.628,138.796,7.06,144.688,162.488,35.696,171.343,63.449,81.047,110.04,236.572,208.501,187.479,78.329,170.599,188.3,28.737,222.181,179.96,192.814,168.726,184.173,113.627,148.989,195.076,119.417,181.023,157.994,88.161,149.653,181.343,74.019,190.254,157.1,134.405,54.719,131.922,188.485,183.64,105.981,38.16,149.544,195.076,202.385,179.392,55.301,86.453,120.355,186.82,102.461,35.716,29.32,151.896,201.245,4.308,186.002,63.768,172.074,224.511,127.504,78.082,184.932,150.685,37.638,60.418, 
Espinal,77.001,74.56,96.008,102.096,80.549,77.303,135.338,85.869,94.735,142.487,98.85,88.214,100.543,0,84.027,107.099,89.552,66.888,94.239,24.847,91.075,60.406,99.386,53.007,75.171,104.474,79.762,106.378,42.849,190.296,121.529,33.407,96.449,130.314,51.578,104.237,63.024,112.107,72.871,108.916,17.057,153.59,196.563,42.119,139.996,126.947,50.192,80.118,76.093,83.012,132.841,98.171,87.1,74.201,111.838,66.365,46.612,20.723,26.423,133.21,102.75,72.823,74.99,86.983,98.189,83.017,123.241,89.849,70.252,63.748,69.151,70.695,88.639,80.701,43.852,77.661,54.632,23.354,59.542,66.321,63.872,72.49,97.544,128.305,51.698,126.944,85.123,93.529,30.416,98.545,89.615,80.054,93.355,74.414,49.347,65.895,44.79,83.458,59.529,70.504,105.875,65.63,97.883,101.189,192.769,40.776,68.258,121.149,115.984,30.287,70.388,65.146,103.608,49.528, 
Xochitln de Vicente Surez,67.614,76.862,55.389,61.477,11.631,71.016,157.174,44.834,109.748,164.323,32.315,52.03,151.48,84.027,0,114.036,43.002,126.525,56.746,59.202,125.396,26.453,48.507,100.08,76.488,172.628,88.001,153.451,72.309,76.393,102.506,34.618,29.931,152.386,105.553,37.719,33.584,109.566,109.444,115.852,59.621,98.169,82.425,101.523,155.017,76.068,39.761,39.502,73.791,18.588,154.913,145.244,140.504,113.653,158.911,84.135,88.519,84.071,42.684,107.648,51.871,65.836,126.421,25.356,31.671,130.09,53.726,23.331,60.237,84.757,61,131.227,149.141,88.94,73.312,82.933,88.954,107.203,24.233,64.124,105.779,62.978,151.429,150.377,98.771,149.016,88.867,27.011,59.876,145.618,126.188,49.053,45.755,73.735,96.42,87.966,74.25,91.505,120.061,117.577,152.948,125.267,104.82,148.262,74.18,95.318,102.579,95.895,138.056,90.819,79.783,126.249,150.681,100.958, 
Juan Marcos (San Jos Buenavista),51.154,37.506,236.635,241.416,103.575,43.269,254.459,69.848,15.079,261.608,97.732,59.949,210.461,107.099,114.036,0,73.884,68.059,74.404,74.708,52.36,110.135,83.719,151.307,41.492,108.899,22.542,204.678,132.806,206.538,22.791,101.48,87.308,248.095,149.877,87.407,131.925,13.369,275.53,7.138,120.118,263.253,207.381,69.536,238.296,65.268,119.093,143.81,39.677,115.29,250.622,196.471,82.038,55.187,210.138,42.584,153.055,123.222,103.181,37.108,86.79,48.822,173.29,124.125,87.072,181.317,120.585,90.907,54.157,42.119,56.968,146.301,90.675,28.516,133.809,34.216,45.643,120.394,109.271,57.968,170.315,51.597,92.963,246.231,149.998,243.748,25.175,87.774,120.373,196.845,282.501,64.386,61.578,40.735,147.647,172.338,134.747,23.053,135.134,168.804,204.175,66.801,10.412,199.489,203.585,139.076,44.803,27.604,255.592,128.586,35.685,67.783,201.908,147.828, 
Ocotln de Betancourt,26.984,36.231,88.169,94.257,32.541,30.386,235.46,3.628,69.118,242.609,26.699,9.3,199.631,89.552,43.002,73.884,0,94.112,17.187,64.705,92.983,51.969,10.271,148.079,35.928,134.952,47.441,277.983,120.308,187.056,59.847,71.605,15.867,228.613,159.439,15.966,66.451,66.907,256.048,75.292,107.62,243.771,187.899,86.394,311.601,37.832,76.748,72.369,33.231,43.849,231.14,193.243,108.091,81.24,206.91,43.575,136.518,132.784,90.683,64.989,13.634,25.276,182.852,52.684,15.631,178.089,53.639,19.467,19.677,44.197,20.44,172.354,116.728,48.38,121.311,42.373,65.316,129.956,49.749,23.564,153.778,22.418,119.016,226.749,146.77,224.266,48.307,16.333,107.875,193.617,263.019,8.493,4.239,33.175,144.419,135.965,122.249,50.945,161.187,165.576,200.947,92.854,64.26,196.261,184.103,148.638,71.672,53.236,236.11,138.148,39.223,93.836,198.68,157.39, 
Colonias Pedernales,71.79,59.462,157.614,163.702,122.982,63.905,191.837,90.484,63.294,198.986,118.368,80.584,153.154,66.888,126.525,68.059,94.112,0,86.275,66.819,31.979,102.246,102.283,101.59,60.056,44.227,64.146,173.29,124.917,247.022,90.389,93.591,105.872,187.04,100.16,105.971,124.036,80.967,193.473,75.726,83.532,210.316,253.289,25.003,206.908,129.844,111.204,141.13,60.978,133.854,189.567,165.196,18.321,14.355,178.863,57.735,103.338,73.505,95.292,102.07,105.647,67.386,131.358,150.58,105.636,150.042,145.651,109.471,72.721,57.27,75.532,82.584,26.958,65.085,125.92,51.031,37.753,70.677,101.382,76.532,120.598,70.161,29.246,185.031,100.281,183.67,58.494,106.338,112.484,156.594,194.751,82.95,96.252,59.299,97.93,122.621,126.858,56.829,71.417,137.529,163.924,1.324,63.07,168.214,249.495,89.359,23.941,90.009,172.71,78.869,54.94,4.099,161.657,98.111, 
Oyameles,26.722,32.166,101.913,108.001,46.285,25.223,227.973,20.379,66.471,235.122,40.443,17.23,213.376,94.239,56.746,74.404,17.187,86.275,0,82.069,86.919,65.003,12.935,161.113,31.987,128.888,39.347,268.847,133.342,177.92,54.001,84.638,28.901,219.477,163.486,26.525,79.485,61.061,246.912,67.325,120.654,234.635,178.763,90.441,302.465,28.695,89.781,85.403,30.361,56.883,222.004,206.277,102.027,75.176,219.944,37.835,149.552,136.831,103.717,59.143,11.307,25.176,186.899,65.718,28.664,191.123,51.046,32.5,37.041,38.291,37.804,166.29,110.664,37.825,134.345,36.467,59.252,134.003,62.782,40.928,166.812,22.021,112.952,217.613,159.804,215.13,41.219,29.367,120.909,206.651,253.883,25.857,13.963,28.115,157.453,148.999,135.283,43.857,155.123,178.61,213.981,86.79,57.172,209.295,174.967,152.685,65.608,47.39,226.974,142.195,33.159,87.772,211.714,161.437, 
Ayotoxco de Guerrero,52.209,49.768,90.291,96.379,55.659,52.511,143.292,61.077,69.943,150.441,73.96,63.422,125.412,24.847,59.202,74.708,64.705,66.819,82.069,0,66.284,35.517,73.453,77.612,50.38,113.384,54.971,130.983,58.188,111.291,96.738,26.862,71.56,138.265,76.183,79.348,57.306,87.316,95.323,84.125,45.5,161.541,117.323,42.41,164.601,101.014,44.474,74.4,51.302,73.113,140.792,122.776,81.392,54.541,136.443,41.574,69.149,49.528,28.563,108.419,76.817,46.89,99.595,83.851,73.3,107.622,98.352,64.96,44.319,38.957,43.218,95.3,90.029,55.91,59.191,52.87,29.841,47.959,34.653,40.388,86.409,46.557,92.317,136.256,76.303,134.895,60.332,68.64,45.755,123.15,112.067,54.121,67.422,49.623,73.952,73.845,60.129,58.667,84.134,95.109,130.48,66.155,73.092,125.794,109.078,65.381,43.467,96.358,123.935,54.892,45.597,67.137,128.213,74.133, 
Plan de Arroyos,70.661,58.333,156.485,162.573,121.853,62.776,233.942,89.355,47.595,241.091,117.239,79.455,195.259,91.075,125.396,52.36,92.983,31.979,86.919,66.284,0,100.559,100.596,131.126,58.369,73.91,57.142,202.826,123.23,257.394,76.283,91.904,104.185,216.576,129.696,104.284,122.349,66.861,223.009,61.62,110.542,239.852,258.237,48.603,236.444,128.157,109.517,139.443,59.291,132.167,219.103,194.732,47.857,33.696,208.399,56.048,132.874,103.041,93.605,87.964,103.96,65.699,160.894,148.893,103.949,179.578,143.964,107.784,71.034,55.583,73.845,112.12,56.494,58.91,124.233,49.344,36.066,100.213,99.695,74.845,150.134,68.474,58.782,214.567,129.817,213.206,55.569,104.651,110.797,186.13,224.287,81.263,94.565,57.612,127.466,152.157,125.171,53.448,100.953,167.065,193.46,31.416,48.964,197.75,254.441,118.895,23.504,75.903,202.246,108.405,53.253,46.292,191.193,127.647, 
Tzinacapan,76.51,85.195,81.135,87.223,22.91,79.912,156.211,53.73,105.37,163.36,41.211,60.926,150.517,60.406,26.453,110.135,51.969,102.246,65.003,35.517,100.559,0,57.387,98.877,85.807,148.942,90.398,152.248,71.106,102.137,111.386,39.78,38.81,151.183,104.35,46.598,49.01,122.743,108.241,119.552,58.418,174.459,108.169,77.837,153.814,84.948,36.178,65.246,82.67,40.363,153.71,144.041,116.818,89.967,157.708,77.001,87.316,75.176,41.481,116.528,60.751,74.715,125.218,51.1,40.55,128.887,65.602,32.21,69.116,74.384,69.879,130.858,125.455,91.337,72.109,88.297,65.268,83.517,2.72,75.165,104.576,71.857,127.743,149.174,97.568,147.813,95.759,35.89,58.673,144.415,124.985,57.932,54.635,82.614,95.217,86.763,73.047,94.094,119.692,116.374,151.745,101.581,108.519,147.059,99.924,94.115,78.893,104.775,136.853,90.45,81.024,102.563,149.478,99.755, 
La Libertad,36.818,46.066,93.674,99.762,38.046,40.221,228.776,13.462,78.953,235.925,32.204,12.638,205.137,99.386,48.507,83.719,10.271,102.283,12.935,73.453,100.596,57.387,0,153.584,45.763,144.787,57.276,270.955,125.813,180.028,82.278,77.109,21.372,221.585,169.274,16.404,71.956,77.522,249.02,83.758,113.125,236.743,180.871,96.229,304.573,30.803,82.252,77.874,43.066,49.354,224.112,198.748,117.926,91.075,212.415,53.41,142.023,142.619,96.188,77.343,6.606,35.111,179.925,58.189,21.135,183.594,46.61,24.971,29.512,54.032,30.275,182.189,126.563,58.215,126.816,52.208,75.151,139.791,55.253,33.399,159.283,32.253,128.851,219.721,152.275,217.238,58.142,21.838,113.38,199.122,255.991,18.327,6.433,43.01,149.924,141.47,127.754,60.78,171.022,171.081,206.452,102.689,74.095,201.766,177.075,158.473,81.507,56.574,229.082,147.983,49.058,103.671,204.185,154.462, 
General Lzaro Crdenas del Ro,138.547,136.33,188.016,191.178,119.02,130.662,108.573,157.241,146.542,115.722,137.321,157.452,51.832,53.007,100.08,151.307,148.079,101.59,161.113,77.612,131.126,98.877,153.584,0,128.496,100.541,142.484,53.551,66.761,153.104,173.238,65.37,134.907,99.22,11.701,142.695,94.987,163.816,105.653,160.625,41.578,122.496,159.371,84.702,87.169,181.045,82.155,112.081,129.418,114.975,101.747,45.344,93.035,110.835,59.011,119.69,11.796,29.394,58.387,184.919,156.848,135.826,32.569,118.946,136.647,30.19,191.756,128.307,141.161,117.073,132.52,66.762,102.125,143.423,67.764,129.37,106.341,36.508,98,129.69,32.778,138.601,110.236,97.211,3.067,101.496,136.832,131.987,54.328,45.718,106.931,143.423,150.732,127.739,3.649,34.801,68.702,135.167,55.596,17.677,53.048,100.243,149.592,48.362,155.577,12.115,120.421,172.858,84.89,26.429,133.279,99.032,50.781,8.765, 
Xoloateno,13.606,5.601,121.655,127.743,66.027,5.721,270.953,32.3,36.726,278.102,60.184,24.523,180.149,75.171,76.488,41.492,35.928,60.056,31.987,50.38,58.369,85.807,45.763,128.496,0,104.291,16.78,183.579,110.155,223.017,57.245,78.829,49.82,264.574,128.778,49.919,100.404,47.823,147.29,44.631,97.467,279.732,223.86,55.733,217.197,73.792,96.442,106.322,4.926,77.802,267.101,175.372,77.43,50.579,189.039,12.914,131.956,102.123,80.53,68.926,49.595,11.333,152.191,86.637,49.584,160.218,89.599,53.419,16.669,13.536,19.48,141.693,86.067,13.915,111.158,11.712,34.655,99.295,83.701,20.48,149.216,14.109,88.355,262.71,128.899,260.227,17.646,50.286,97.722,175.746,223.369,26.898,40.2,3.247,126.548,151.239,112.096,20.284,130.526,147.705,183.076,62.193,33.599,178.39,220.064,117.977,41.011,40.956,272.071,107.487,8.562,63.175,180.809,126.729, 
Nautla,112.63,100.302,283.322,286.484,169.085,104.745,203.879,131.324,104.134,211.028,159.208,121.424,147.406,104.474,172.628,108.899,134.952,44.227,128.888,113.384,73.91,148.942,144.787,100.541,104.291,0,105.436,148.238,159.433,247.79,228.441,130.243,147.162,200.53,102.157,147.261,159.86,122.257,198.326,117.016,134.25,223.806,254.057,65.157,181.856,171.134,147.028,176.954,102.268,179.848,203.057,140.144,37.695,55.645,153.811,99.025,104.469,81.227,123.259,143.36,146.937,108.676,106.306,183.819,146.926,124.99,186.941,150.761,114.011,98.56,116.822,57.531,26.197,106.375,160.436,92.321,79.043,88.007,153.027,117.822,125.45,111.451,18.188,198.666,99.197,196.183,99.784,147.628,147,131.542,199.604,124.24,137.542,100.589,96.846,127.473,161.374,98.119,46.364,112.477,138.872,42.93,104.36,143.162,250.263,93.021,65.231,131.299,177.563,74.192,96.23,43.842,136.605,100.966, 
San Francisco,25.119,10.531,133.168,139.256,77.54,17.234,261.758,43.813,15.446,268.907,71.697,33.914,194.137,79.762,88.001,22.542,47.441,64.146,39.347,54.971,57.142,90.398,57.276,142.484,16.78,105.436,0,186.209,114.337,213.837,32.726,83.011,59.921,255.394,131.408,60.02,110.505,23.304,151.472,24.36,101.649,270.552,214.68,58.363,219.827,83.893,100.624,116.423,12.81,87.903,257.921,178.002,69.949,43.098,191.669,18.508,134.586,104.753,84.712,42.324,59.696,21.435,154.821,96.738,59.685,162.848,99.7,63.52,26.77,18.043,29.582,134.212,78.586,2.313,115.34,15.83,27.174,101.925,90.802,30.582,151.846,27.521,80.874,253.53,131.529,251.047,1.805,60.387,101.904,178.376,225.999,36.999,37.502,13.74,129.178,153.869,116.278,4.697,123.045,150.335,185.706,54.712,13.327,181.02,210.884,120.607,33.53,29.371,203.958,110.117,11.609,55.694,183.439,129.359, 
Mecapalapa,191.918,189.701,153.085,156.247,172.391,184.033,73.642,281.175,199.913,80.791,190.692,280.35,83.977,106.378,153.451,204.678,277.983,173.29,268.847,130.983,202.826,152.248,270.955,53.551,183.579,148.238,186.209,0,88.684,117.067,290.291,87.293,156.83,69.807,64.779,164.618,116.91,285.535,81.804,291.771,77.102,93.083,123.334,137.78,34.001,248.878,104.078,154.404,182.496,136.898,72.334,78.162,146.113,163.913,91.829,172.768,64.874,82.472,80.31,285.356,269.712,188.904,79.487,140.869,158.57,63.008,155.719,150.23,194.239,170.151,185.598,114.785,150.147,196.501,89.687,182.448,159.419,89.586,119.923,182.768,27.72,191.679,158.258,67.943,56.145,65.46,189.91,153.91,76.251,78.425,83.082,196.501,276.041,180.817,56.727,34.511,90.625,188.245,103.619,50.495,85.755,153.321,202.67,81.18,119.54,65.193,173.499,281.634,61.042,79.507,186.357,152.11,83.488,61.843, 
Coahuitln,108.452,107.866,100.213,106.301,91.249,110.609,124.108,122.069,128.041,65.488,109.55,129.265,118.414,42.849,72.309,132.806,120.308,124.917,133.342,58.188,123.23,71.106,125.813,66.761,110.155,159.433,114.337,88.684,0,179.06,154.834,37.61,107.147,119.078,72.245,114.935,67.227,145.412,30.678,142.221,26.313,142.354,185.327,84.329,121.709,153.285,54.395,84.321,109.397,87.215,121.605,111.936,123.506,112.636,125.603,99.669,55.211,58.815,30.627,166.515,129.088,104.335,93.113,91.186,108.887,96.782,133.939,100.547,101.764,97.052,100.663,125.647,125.045,114.005,9.324,110.966,87.937,66.089,70.24,97.833,72.471,104.002,169.121,117.069,65.463,115.708,118.428,104.227,12.735,112.31,92.88,111.566,122.972,107.718,63.112,54.658,10.263,116.763,114.481,84.269,119.64,124.25,131.188,114.954,181.533,62.01,101.562,154.454,104.748,85.314,103.692,107.356,117.373,67.65, 
Jicolapa,213.604,222.852,40.946,36.161,104.659,217.007,72.649,190.248,201.162,79.798,118.036,189.423,183.529,190.296,76.393,206.538,187.056,247.022,177.92,111.291,257.394,102.137,180.028,153.104,223.017,247.79,213.837,117.067,179.06,0,198.174,83.527,111.929,67.529,163.351,106.862,62.172,193.418,94.964,199.654,172.857,66.617,2.324,229.139,150.517,156.761,74.268,36.893,220.557,65.418,70.056,176.734,237.471,251.432,190.401,230.901,146.797,173.83,91.593,193.239,99.882,212.602,178.059,69.389,113.669,161.58,58.865,105.329,207.003,231.523,207.766,213.357,248.719,212.343,179.212,229.699,252.642,180.945,99.92,210.89,126.292,209.744,256.83,65.665,154.717,63.182,221.419,109.009,165.776,176.997,101.935,195.818,183.924,220.501,155.299,123.597,116.804,219.298,202.191,149.067,184.327,263.046,206.78,179.752,2.419,156.552,241.048,189.517,75.026,178.079,226.549,264.028,182.06,160.415, 
Los Molinos (San Jos),65.584,51.936,228.049,232.83,92.045,57.699,245.873,63.039,20.051,253.022,86.203,58.037,224.891,121.529,102.506,22.791,59.847,90.389,54.001,96.738,76.283,111.386,82.278,173.238,57.245,228.441,32.726,290.291,154.834,198.174,0,114.646,73.307,235.234,163.043,73.406,123.891,7.675,262.669,13.939,133.284,250.392,194.52,82.702,318.222,52.407,132.259,129.809,53.909,101.289,237.761,209.637,95.204,68.353,223.304,55.749,166.221,136.388,116.347,18.09,73.929,59.931,186.456,110.124,73.07,194.483,107.724,76.906,58.816,55.284,62.092,159.467,103.841,31.093,146.975,47.381,58.809,133.56,107.188,63.092,183.481,56.744,106.129,233.37,163.164,230.887,38.34,73.773,133.539,210.011,269.64,59.664,54.59,55.674,160.813,185.504,147.913,36.219,148.3,181.97,217.341,79.967,23.701,212.655,190.724,152.242,57.969,5.137,242.731,141.752,48.85,80.949,215.074,160.994, 
Zozocolco de Hidalgo,77.126,76.54,62.522,68.61,40.3,79.283,122.717,73.365,96.715,129.866,60.847,80.561,117.023,33.407,34.618,101.48,71.605,93.591,84.638,26.862,91.904,39.78,77.109,65.37,78.829,130.243,83.011,87.293,37.61,83.527,114.646,0,58.272,117.689,70.856,66.059,29.539,114.088,74.747,110.897,24.924,140.965,89.556,69.182,120.32,104.409,16.707,46.633,78.073,49.527,120.216,110.547,108.163,81.312,124.214,68.345,53.822,49.374,7.987,135.191,80.212,73.011,91.724,53.498,60.011,95.393,83.592,51.671,70.44,65.728,69.339,96.53,116.8,82.681,38.615,79.642,56.613,56.649,38.916,66.509,71.082,72.678,119.088,115.68,64.074,114.319,87.104,55.351,25.179,110.921,91.491,77.393,74.096,76.394,61.723,53.269,39.553,85.439,85.364,82.88,118.251,92.926,99.864,113.565,81.311,60.621,70.238,123.13,103.359,56.122,72.368,93.908,115.984,66.261, 
Comaltepec,40.408,49.656,75.098,81.186,19.47,43.81,164.365,17.628,82.542,171.514,14.694,24.824,186.56,96.449,29.931,87.308,15.867,105.872,28.901,71.56,104.185,38.81,21.372,134.907,49.82,147.162,59.921,156.83,107.147,111.929,73.307,58.272,0,161.186,140.693,8.591,53.593,82.431,144.584,88.716,94.761,176.344,116.778,99.818,190.157,48.933,63.889,59.511,46.655,30.991,163.713,180.384,121.515,94.664,194.051,56.999,123.659,111.519,77.824,80.513,24.736,38.7,161.561,39.826,6.516,165.23,56.23,6.451,33.101,57.621,33.864,167.201,130.152,61.804,108.452,55.797,78.74,119.86,36.89,36.988,140.919,35.842,132.44,159.322,133.911,156.839,61.731,3.092,95.016,180.758,161.328,21.917,18.62,46.599,131.56,123.106,109.39,64.369,156.035,152.717,188.088,106.278,77.684,183.402,112.982,130.458,85.096,68.76,168.683,126.793,52.647,107.26,185.821,136.098, 
Las Colonias de Hidalgo,255.161,264.409,103.715,106.877,149.909,258.564,6.298,231.805,242.719,12.172,163.286,230.98,136.269,130.314,152.386,248.095,228.613,187.04,219.477,138.265,216.576,151.183,221.585,99.22,264.574,200.53,255.394,69.807,119.078,67.529,235.234,117.689,161.186,0,104.707,154.275,130.242,236.094,29.411,242.33,113.733,23.276,73.893,170.015,102.237,199.437,134.479,104.963,263.233,133.488,2.527,128.454,178.347,196.148,142.121,205.003,87.674,114.706,110.711,235.915,220.271,255.278,129.779,137.459,161.082,113.3,106.278,152.742,249.679,202.386,250.442,165.077,200.439,255.019,120.088,214.683,191.654,121.821,150.324,253.566,71.515,252.42,208.55,2.219,106.437,4.614,264.095,156.422,106.652,128.717,41.55,238.494,226.6,263.177,95.574,64.473,51.251,261.974,153.911,100.787,136.047,185.556,249.456,131.472,70.099,97.428,205.734,232.193,14.641,117.776,218.592,184.345,133.78,100.112, 
Arroyo del Maz Uno,137.117,134.9,199.537,202.699,124.493,129.232,109.73,155.811,145.112,116.879,142.794,156.022,63.353,51.578,105.553,149.877,159.439,100.16,163.486,76.183,129.696,104.35,169.274,11.701,128.778,102.157,131.408,64.779,72.245,163.351,163.043,70.856,140.693,104.707,0,146.817,99.109,164.883,109.776,161.692,45.7,126.619,170.534,85.769,98.332,185.167,86.277,116.203,130.485,119.097,105.87,56.507,94.102,111.902,70.174,120.757,15.919,30.795,62.509,185.986,160.97,136.893,29.37,123.068,140.769,41.353,202.919,132.429,142.228,118.14,133.587,67.928,103.29,144.49,71.886,130.437,107.408,37.575,102.122,130.757,36.9,139.668,111.401,101.334,10.034,99.973,137.899,136.109,58.45,58.919,111.054,144.49,157.791,128.806,8.296,38.923,72.824,136.234,56.762,28.84,66.249,101.31,150.659,59.525,166.74,13.078,121.488,173.925,89.013,21.281,134.346,100.099,63.982,4.941, 
Las Lomas,40.507,49.755,82.886,88.974,27.258,43.909,159.298,17.727,82.641,166.447,21.633,24.923,194.348,104.237,37.719,87.407,15.966,105.971,26.525,79.348,104.284,46.598,16.404,142.695,49.919,147.261,60.02,164.618,114.935,106.862,73.406,66.059,8.591,154.275,146.817,0,61.167,91.455,177.422,88.815,102.336,165.145,105.579,99.917,197.732,44.736,71.463,67.085,46.754,38.565,152.514,187.959,121.614,94.763,201.626,57.098,131.234,119.094,85.399,91.276,20.539,38.799,169.136,47.4,13.455,172.805,45.031,14.182,33.2,57.72,33.963,174.776,130.251,61.903,116.027,55.896,78.839,127.435,44.464,37.087,148.494,35.941,132.539,148.123,141.486,145.64,61.83,10.85,102.591,188.333,184.393,22.016,17.319,46.698,139.135,130.681,116.965,64.468,163.61,160.292,195.663,106.377,77.783,190.977,101.783,138.033,85.195,67.459,157.484,134.368,52.746,107.359,193.396,143.673, 
Ixtepec,90.992,100.24,41.167,47.255,41.62,94.394,135.265,68.212,127.16,142.414,55.693,75.408,146.64,63.024,33.584,131.925,66.451,124.036,79.485,57.306,122.349,49.01,71.956,94.987,100.404,159.86,110.505,116.91,67.227,62.172,123.891,29.539,53.593,130.242,99.109,61.167,0,132.925,106.248,139.211,56.425,83.944,68.2,101.512,151.821,99.427,12.831,25.277,97.15,22.605,131.747,142.048,140.493,113.642,155.715,100.676,85.323,80.875,39.488,131.007,75.23,89.195,123.225,26.576,55.03,126.894,58.946,46.69,83.596,98.059,84.359,128.031,149.13,112.299,70.116,106.292,88.943,88.15,52.807,87.483,102.583,86.337,151.418,127.356,95.575,124.873,112.226,50.37,56.68,142.422,122.992,72.412,69.114,97.094,93.224,84.77,71.054,114.864,116.865,114.381,149.752,125.256,128.179,145.066,59.955,92.122,102.568,119.254,134.86,87.623,103.142,126.238,147.485,97.762, 
Villa Aldama,56.162,42.514,223.293,228.074,99.105,48.277,241.117,74.856,10.629,248.266,93.263,65.097,215.469,112.107,109.566,13.369,66.907,80.967,61.061,87.316,66.861,122.743,77.522,163.816,47.823,122.257,23.304,285.535,145.412,193.418,7.675,114.088,82.431,236.094,164.883,91.455,132.925,0,269.317,6.264,125.609,257.04,201.168,75.027,324.87,59.055,124.584,138.907,45.167,110.387,244.409,201.962,87.529,60.678,215.629,48.074,158.546,128.713,108.672,27.188,80.577,54.312,178.781,119.222,82.168,186.808,114.372,86.004,59.647,47.609,62.458,151.792,96.166,23.794,139.3,39.706,51.134,125.885,114.762,63.458,175.806,57.087,98.454,240.018,155.489,237.535,30.665,82.871,125.864,202.336,276.288,69.876,63.688,46.225,153.138,177.829,140.238,28.544,140.625,174.295,209.666,72.292,16.026,204.98,197.372,144.567,50.294,14.235,249.379,134.077,41.175,73.274,207.399,153.319, 
Chicontla,282.596,145.001,131.15,134.312,128.384,147.744,34.571,259.24,270.154,35.01,146.685,258.415,148.266,72.871,109.444,275.53,256.048,193.473,246.912,95.323,223.009,108.241,249.02,105.653,147.29,198.326,151.472,81.804,30.678,94.964,262.669,74.747,144.584,29.411,109.776,177.422,106.248,269.317,0,270.182,56.335,49.991,101.745,160.018,82.433,227.289,91.53,132.815,204.734,124.35,29.242,124.724,168.35,186.151,138.391,195.006,77.677,104.709,67.762,263.767,248.123,141.47,115.578,128.321,146.022,109.57,134.13,137.682,138.899,192.389,137.798,148.112,183.475,218.739,26.517,204.686,181.657,111.824,107.375,134.968,61.518,141.137,191.586,32.569,87.928,31.208,212.148,141.362,35.092,124.987,30.579,266.346,254.452,203.055,85.577,54.476,22.055,210.483,136.946,97.057,132.317,175.559,277.308,127.742,97.951,87.431,195.737,260.045,28.434,107.779,208.595,174.348,130.05,90.115, 
Colonia Libertad,52.97,39.322,229.529,234.31,105.391,45.085,247.353,71.664,10.182,254.502,99.548,61.765,212.278,108.916,115.852,7.138,75.292,75.726,67.325,84.125,61.62,119.552,83.758,160.625,44.631,117.016,24.36,291.771,142.221,199.654,13.939,110.897,88.716,242.33,161.692,88.815,139.211,6.264,270.182,0,122.416,256.148,200.276,71.834,240.594,58.163,121.391,146.107,41.974,117.587,243.517,198.769,84.336,57.485,212.436,44.881,155.353,125.52,105.479,30.003,79.685,51.119,175.588,126.422,89.369,183.615,113.48,93.204,56.454,44.416,59.265,148.599,92.973,23.346,136.107,36.513,47.941,122.692,111.569,60.265,172.613,53.894,95.261,239.126,152.296,236.643,27.472,90.071,122.671,199.143,275.396,66.683,69.952,43.032,149.945,174.636,137.045,25.351,137.432,171.102,206.473,69.099,12.833,201.787,196.48,141.374,47.101,20.499,248.487,130.884,37.982,70.081,204.206,150.126, 
Entabladero,95.764,95.178,87.525,93.613,78.561,97.921,118.756,109.381,115.353,125.905,96.862,116.577,93.231,17.057,59.621,120.118,107.62,83.532,120.654,45.5,110.542,58.418,113.125,41.578,97.467,134.25,101.649,77.102,26.313,172.857,133.284,24.924,94.761,113.733,45.7,102.336,56.425,125.609,56.335,122.416,0,137.008,179.981,58.538,128.58,138.387,41.88,71.806,94.499,74.7,116.259,86.755,97.715,90.62,100.422,84.771,30.03,33.024,18.112,151.617,114.19,89.437,67.932,78.671,93.989,71.601,119.041,85.649,86.866,82.154,85.765,100.466,99.254,99.107,27.489,96.068,73.039,40.298,55.342,82.935,47.29,89.104,143.94,111.723,40.282,110.362,103.53,89.329,14.053,87.129,73.252,96.668,108.074,92.82,37.931,49.313,28.427,101.865,89.3,59.088,94.459,82.049,116.29,89.773,176.187,36.829,86.664,139.556,99.402,60.133,88.794,81.565,92.192,42.469, 
Chiconcuautla,270.319,279.567,54.167,49.382,165.067,273.722,24.363,246.963,257.877,26.972,178.444,246.138,159.545,153.59,98.169,263.253,243.771,210.316,234.635,161.541,239.852,174.459,236.743,122.496,279.732,223.806,270.552,93.083,142.354,66.617,250.392,140.965,176.344,23.276,126.619,165.145,83.944,257.04,49.991,256.148,137.008,0,60.702,193.29,125.512,222.712,157.754,58.669,286.508,87.194,21.49,151.729,201.622,219.423,165.396,228.278,110.949,137.981,133.986,259.19,243.546,278.553,153.054,91.165,184.357,136.575,129.553,176.017,272.954,225.661,273.717,188.352,223.714,278.294,76.293,237.958,214.929,145.096,173.599,276.841,94.79,275.695,231.825,25.494,129.712,27.889,287.37,179.697,129.927,151.992,64.825,261.769,249.875,286.452,118.849,87.748,71.831,285.249,177.186,124.062,159.322,208.831,272.731,154.747,69.111,120.703,229.009,255.468,37.916,141.051,241.867,207.62,157.055,123.387, 
Atzingo (La Cumbre),214.447,223.695,38.423,33.638,105.501,217.85,78.916,191.091,202.005,86.065,118.878,190.266,189.796,196.563,82.425,207.381,187.899,253.289,178.763,117.323,258.237,108.169,180.871,159.371,223.86,254.057,214.68,123.334,185.327,2.324,194.52,89.556,116.778,73.893,170.534,105.579,68.2,201.168,101.745,200.276,179.981,60.702,0,235.405,156.783,158.335,80.299,42.924,222.131,71.449,76.322,183,243.737,253.006,196.667,232.475,153.063,180.096,97.624,194.813,101.456,214.176,184.325,75.42,115.243,167.846,60.439,106.903,208.577,233.097,209.34,219.623,254.985,213.917,185.478,231.273,254.216,187.211,105.951,212.464,132.558,211.318,263.096,71.931,160.983,69.448,222.993,110.583,172.042,183.263,108.201,197.392,185.498,222.075,161.565,129.863,123.07,220.872,208.457,155.333,190.593,264.62,208.354,186.018,3.923,162.818,242.622,191.091,81.292,184.345,228.123,265.602,188.326,166.681, 
San Jos Acateno,64.072,61.855,132.612,138.7,97.98,56.187,175.038,82.766,64.771,182.187,116.281,82.977,136.355,42.119,101.523,69.536,86.394,25.003,90.441,42.41,48.603,77.837,96.229,84.702,55.733,65.157,58.363,137.78,84.329,229.139,82.702,69.182,99.818,170.015,85.769,99.917,101.512,75.027,160.018,71.834,58.538,193.29,235.405,0,171.79,115.94,86.676,116.602,55.042,115.314,172.778,129.965,37.23,32.092,143.632,45.314,86.549,56.716,70.765,110.543,91.743,61.45,106.784,126.052,91.733,114.811,140.553,107.161,66.785,42.697,58.144,72.863,45.867,69.047,85.333,54.994,31.965,53.888,76.854,55.314,103.809,64.225,48.155,168.242,83.492,166.881,62.456,92.435,71.897,130.339,177.962,69.047,82.348,53.363,81.141,105.832,86.271,60.791,61.696,102.298,137.669,23.521,64.04,132.983,232.706,72.57,25.472,98.482,155.921,62.08,58.903,23.037,135.402,81.322, 
